PC1,PC2,PC3,PC4,PC5,PC6,orig_Max Fecal Coliform,orig_Min Temperature,orig_Max BOD,orig_Max Temperature,orig_Max Conductivity,orig_Temperature_Range,orig_Min Fecal Coliform,orig_Max Total Coliform,orig_Min BOD,orig_Min Dissolved Oxygen,orig_Min Nitrate N + Nitrite N,orig_Min pH,orig_Max Nitrate N + Nitrite N,STN_Code,Water_Body_Type,Cluster
-0.6529707858048832,-0.2521027313080904,-0.8802367654798611,0.0991757165103253,0.0131036387865668,-0.1486080511861602,525.0,22.0,3.7,27.0,1370.0,5.0,214.0,1733.0,1.5,3.9,0.33,7.1,5.9,5159.0,LAKE,0
-1.1942510361969365,-0.8441986142471568,0.4551623898000305,-0.1392789685754955,0.1398301241906521,-0.4602484850562449,21.0,18.0,6.1,29.0,1800.0,11.0,7.0,460.0,1.6,3.2,0.69,7.2,2.79,4368.0,LAKE,0
-0.4824625515336241,-0.9386011763492844,-1.2032200390461163,0.8748065795604326,-0.2197739312461355,0.2119472627308996,39.0,26.0,4.8,29.0,888.0,3.0,7.0,240.0,2.4,3.4,1.12,7.1,2.42,2353.0,LAKE,0
-1.319202561412008,0.3568737185485634,-1.410912667448513,0.3237900612023811,-0.8718439276922697,-0.5044339304604794,388.0,23.0,2.2,27.0,535.0,4.0,89.0,1046.0,1.5,5.1,0.32,6.6,1.26,5147.0,LAKE,0
-0.7709507885611555,-1.3185110281187995,-1.5361239079914657,-1.2766618013069218,1.2604628324378788,-0.2597965027985911,62.0,18.0,2.9,22.0,3294.5,4.0,3.0,689.0,2.6,5.7,1.11,7.4,1.78,1790.0,LAKE,0
-0.9157174811116444,-0.7198092138886125,-2.352220183105373,-0.3415310205760543,0.2388590915126283,0.7169211383782883,343.0,24.0,2.9,24.0,990.0,0.0,3.0,1380.0,2.4,6.6,1.4,7.2,2.04,5156.0,TANK,0
-1.6235527154532468,0.1575119886413511,-0.6072868317041535,0.4859759041850313,-0.4164409941075962,0.0317300109948953,258.0,22.0,2.0,29.0,502.0,7.0,104.0,980.0,1.0,5.2,0.32,7.0,3.12,4391.0,TANK,0
-1.561764307693292,-0.5395455857553582,-1.6489972533155894,-1.636492957589616,1.1150784833555571,-0.190868434338844,176.0,17.0,2.9,21.0,1286.0,4.0,3.0,680.0,2.5,6.2,0.45,7.5,4.46,5150.0,TANK,0
-2.107048345166827,0.0636114147639793,0.0433345386087793,0.1627943312518237,0.6532262115003078,0.0641538430721136,368.0,19.0,2.3,29.0,720.0,10.0,97.0,914.0,1.2,5.1,0.32,7.5,0.79,4921.0,WETLAND,0
-1.652807592426429,-0.3717144461070487,-1.4539077485934548,-0.1608152095773608,0.2418024991913167,0.524713014646297,29.0,22.0,2.6,26.0,480.0,4.0,3.0,240.0,1.8,6.4,0.92,7.3,2.05,4936.0,WETLAND,0
-1.7720946634512589,0.2906829809499351,-1.002535597766265,0.0924618851936312,-0.2104698193138079,-0.2014818464457692,243.0,21.0,2.2,27.0,603.0,6.0,102.0,816.0,1.0,5.4,0.32,7.0,1.12,4919.0,WETLAND,0
-0.956114288537278,-0.7103016537595828,0.0944322464784427,1.2980139600343237,0.2686027530434711,-0.1523112278112782,20.0,24.0,10.2,32.0,804.0,8.0,4.0,460.0,1.7,2.9,0.51,7.4,2.42,4926.0,WETLAND,0
-0.4893698280694591,-1.3714465596156078,0.6221925879507842,2.202780646663705,-0.1245783423364541,0.4704416479909364,15.0,26.0,2.6,36.0,3294.5,10.0,3.0,240.0,1.6,6.4,0.55,7.1,8.05,4931.0,WETLAND,0
-1.5844236180448483,0.2703217181092677,1.288480149489661,-0.5123919306170732,-0.566604047315457,-0.555855479258506,689.0,15.0,3.5,30.0,1203.0,15.0,244.0,1986.0,1.3,4.0,0.32,6.8,3.59,4917.0,WETLAND,0
-0.3666166637941447,-1.3921168258406789,-1.9021715316187304,0.5477040796514261,1.346474188645796,0.1164891773455031,22.0,25.0,2.9,26.0,3294.5,1.0,3.0,423.0,2.7,6.1,0.95,7.5,1.69,4934.0,WETLAND,0
-1.429461834549515,0.147280522506926,0.5221074479961173,-0.7138336995422127,-0.5640696767820946,-0.4679280451377016,479.0,16.0,3.7,28.0,1172.0,12.0,226.0,1733.0,1.2,4.1,0.46,6.8,3.76,4918.0,WETLAND,0
-0.3026741344321045,-1.1880765776730782,-1.9319950250882352,0.5908133279444586,0.8440559759569399,-0.3006982537675889,16.0,25.0,2.9,26.0,3294.5,1.0,3.0,260.0,2.6,5.8,0.74,7.2,1.76,4933.0,WETLAND,0
-0.0226984041685103,-1.3199790176486763,-1.6917197750319868,0.2375892019302501,-0.1298242179444819,-0.3360216768237649,9.0,24.0,3.0,26.0,3294.5,2.0,3.0,210.0,2.2,5.0,1.04,6.8,3.61,4929.0,WETLAND,0
-1.7612679570127925,0.2675536231513799,-1.1846820572884882,0.2815000393123708,0.139937393101584,-0.0258112138640347,293.0,22.0,2.3,27.0,490.0,5.0,118.0,722.0,1.0,5.3,0.32,7.2,0.74,4916.0,WETLAND,0
-0.4331986062219429,-1.1177951339307093,-0.3029317874300445,1.3695120508771006,-0.0370259874905939,-0.5946698765517079,15.0,24.0,3.2,31.0,3294.5,7.0,4.0,240.0,1.1,3.2,0.53,7.0,2.33,4925.0,WETLAND,0
-0.8764659105738489,-0.8015563700128141,-1.636477637544626,0.6442125304677935,0.5471321092338072,0.1807549607282914,11.0,25.0,3.6,27.0,1446.0,2.0,3.0,210.0,1.8,5.0,0.57,7.4,3.89,4930.0,WETLAND,0
-0.7901401771301084,-0.2118132882889812,-0.7332328172662792,0.2203584023020181,0.7636880579502034,-0.370708180868117,914.0,21.0,3.7,27.0,2453.0,6.0,228.0,2420.0,1.2,4.2,0.32,7.3,1.88,4915.0,WETLAND,0
-0.6630215183197548,-1.1345762306839238,-0.0374110822774026,1.5566402539524775,0.5350338080034,-0.2801330257226674,21.0,24.0,6.2,32.0,3294.5,8.0,9.0,240.0,1.0,4.3,0.55,7.3,1.88,4924.0,WETLAND,0
1.9623769853989683,-1.711760451748919,-0.3179463385421417,0.0896997824945848,0.5802884588425474,-2.7233299994121354,43.0,23.0,35.8,27.0,2630.0,4.0,3.0,2400.0,5.4,0.3,0.32,6.8,4.95,4928.0,WETLAND,0
-1.2218101986522831,-0.0185790181137845,-1.1598508574257156,-0.0852524637089184,-0.0346567728588913,-0.3240520338437661,403.0,21.0,2.7,26.0,1370.0,5.0,142.0,1046.0,1.2,4.8,0.43,7.0,1.94,4923.0,WETLAND,0
-1.8697408614905064,-0.05547385612622,-0.1207930677762235,0.6132598634446215,0.1764092215101428,0.0356526302571473,330.0,21.0,2.8,30.0,820.0,9.0,38.0,980.0,1.0,5.1,0.32,7.3,1.69,4920.0,WETLAND,0
-1.5331445612234664,0.0292823386260245,-1.283431799481377,0.9993369146189712,-0.2012894229887496,0.1579690749397634,21.0,25.0,2.8,29.0,444.0,4.0,3.0,2400.0,1.2,5.7,0.38,7.1,1.75,4927.0,WETLAND,0
-0.0448590750269119,-1.6371457982795812,-1.011937229272473,-0.5909452221478629,0.0271498312888104,1.3826565226108305,609.0,23.0,6.2,27.0,1188.0,4.0,4.0,2938.0,4.0,6.1,2.3000000000000003,7.2,5.88,4935.0,WETLAND,0
-2.6381140517589285,-0.0947470108392278,1.4696296341415231,0.0747714284493589,0.4255089767168,0.1042962547755759,15.0,16.0,4.2,32.0,401.0,16.0,3.0,240.0,1.4,5.6,0.32,7.5,2.12,4932.0,WETLAND,0
-0.7288113188840396,0.3300435294639408,-1.7805873474263323,-0.582808318864192,-0.4394986696428995,-0.0989240684998415,940.0,22.0,2.8,24.0,248.0,2.0,300.0,1600.0,2.1,4.0,0.8,6.8,2.0,2207.0,LAKE,0
-0.8357204459924479,0.30682338022147,-2.095446037355351,-0.724601158393679,-0.2003980367011971,0.0272745931879275,730.0,22.0,2.9,23.0,298.0,1.0,300.0,1500.0,2.0,4.5,0.9,6.9,1.2,3789.0,LAKE,0
-1.0368775269081267,0.494432341416791,-0.5427436951704085,-0.4818119298449237,-0.4728576921676059,0.0470464563330123,910.0,20.0,2.8,27.0,153.0,7.0,360.0,2100.0,2.4,4.6,0.8,6.8,2.1,2220.0,LAKE,0
-1.3817521403805475,0.193805848586323,1.5338230241851911,1.629918292931536,-0.6166344791811846,0.7329640522845098,610.0,23.0,2.8,37.0,156.0,14.0,300.0,1400.0,2.1,4.8,0.9,7.0,1.6,2206.0,LAKE,0
-0.2981843164133906,-0.7612175419464096,1.52360474857617,-0.7540456151643012,-0.6204502407990855,1.0560593738979005,920.0,18.0,5.9,32.0,478.0,14.0,360.0,1600.0,5.0,5.0,2.3000000000000003,6.8,4.0,2218.0,LAKE,0
-0.3853672502614189,-0.8072391823708488,1.4881036729924193,-0.7480461421824355,-0.6153897268570905,1.0442420855230088,940.0,18.0,5.8,32.0,477.0,14.0,300.0,2000.0,5.1,5.3,2.3000000000000003,6.8,3.8,1529.0,LAKE,0
-1.521183763496054,0.3842810360237354,1.9088683994292497,1.3060491233925655,-1.2040757498239132,0.4106245918621853,620.0,21.0,2.5,37.0,138.0,16.0,300.0,1300.0,1.8,4.6,0.8,6.7,2.1,3821.0,LAKE,0
-1.0015859306803938,0.5524733683457618,0.2866782881450296,0.028645798304456,-0.9485550794402152,-0.1367759735739122,1100.0,20.0,2.8,30.0,302.0,10.0,360.0,2100.0,2.2,4.0,0.7,6.6,2.2,1263.0,LAKE,0
-0.7319379750720358,0.3088507721373171,-1.8074337955892985,-0.632120667199803,-0.6698677067931669,-0.0476426433049396,720.0,22.0,2.8,24.0,223.0,2.0,300.0,1400.0,2.0,4.2,0.9,6.7,2.2,3787.0,LAKE,0
-1.5398696462493429,0.5407731861171583,1.46527803321547,0.2181061596269753,-1.086324712099508,-0.1940699601879196,730.0,18.0,2.7,33.0,88.0,15.0,300.0,1500.0,2.3,4.0,0.7,6.6,1.1,4337.0,LAKE,0
-0.7644468091873572,0.3732245574871799,-2.06745580859931,-0.7067454074528554,-0.3892246456242491,-0.2154549849483675,720.0,22.0,2.7,23.0,182.0,1.0,300.0,1300.0,2.1,4.0,0.7,6.8,2.0,3783.0,LAKE,0
-0.8477295549581368,0.5273996024453573,-1.3468317832740582,-0.5842699789745561,-0.9628166273408147,-0.4346685879261314,730.0,21.0,2.9,25.0,164.0,4.0,300.0,1500.0,2.2,4.0,0.7,6.5,1.6,3800.0,LAKE,0
-0.777056999153455,0.6551140301804365,-2.128453594029438,-0.645070493759842,-0.8255346612145585,-0.6422697093472006,720.0,22.0,2.6,23.0,180.0,1.0,300.0,1400.0,2.1,4.0,0.5,6.5,1.2,2205.0,LAKE,0
-1.321420176471921,0.2505137257407893,2.0473763644345815,1.6239216622717854,-1.0042534782094383,0.4286256112423935,730.0,22.0,2.7,38.0,186.0,16.0,300.0,1500.0,2.2,4.1,0.8,6.8,2.0,3808.0,LAKE,0
-1.0114973236304252,0.4150330712164749,0.5142253768571716,-0.2600004901377754,-1.262908425799011,-0.0586049250189112,720.0,19.0,2.6,30.0,131.0,11.0,360.0,1400.0,2.3,4.0,0.8,6.5,4.0,3798.0,LAKE,0
-1.2155472349956349,0.3275710794606626,0.6047901959307962,0.5222981401146636,-0.7836574701893453,0.1640311386739926,720.0,21.0,2.8,32.0,122.0,11.0,300.0,1500.0,2.1,4.0,0.8,6.8,1.8,2215.0,LAKE,0
1.431588547834974,-0.0075057573675029,2.640737479789815,0.2975699756373241,0.6077464844909986,-0.5866195584409404,2800.0,20.0,19.7,35.0,594.0,15.0,766.0,4400.0,7.05,0.3,1.2,7.0,2.0,3814.0,LAKE,1
-1.0490302685176869,0.4925546514817689,-1.1119963779287836,-0.701821611818664,-0.3872692102248758,-0.2632110134288176,910.0,20.0,2.9,25.0,156.0,5.0,300.0,2000.0,2.3,4.1,0.7,6.8,1.1,3804.0,LAKE,0
-1.182708853077382,0.4887735559044077,-0.8642899136678963,-0.8454993391658354,-0.017832911522392,-0.1342827519463793,730.0,19.0,2.9,25.0,108.0,6.0,360.0,1500.0,2.3,4.0,0.7,7.0,1.1,2225.0,POND,0
-1.19413644804081,0.3332808552906043,1.1364634903264157,0.7720156739260379,-1.255670477948383,0.1898341733517309,730.0,21.0,2.6,34.0,128.0,13.0,300.0,1500.0,2.1,4.0,0.9,6.6,2.0,2214.0,POND,0
-1.4568114249361543,0.4449936716469101,-0.6542495954868468,-0.4267405326241197,0.1058940664379395,0.4834113846435767,1100.0,20.0,2.6,27.0,309.0,7.0,300.0,2000.0,2.2,6.5,0.8,7.1,2.0,2219.0,POND,0
-1.8133693649205127,0.5625582378011345,1.3897466269866248,0.194930244854962,-0.7305471332258885,0.2858402846962969,910.0,18.0,2.6,33.0,118.0,15.0,300.0,1500.0,2.1,5.6,0.8,6.8,1.3,3772.0,POND,0
-1.545754743371415,0.4361268234268481,1.301597428277401,0.690647976007452,-0.8120262403318722,0.2611321937053691,720.0,20.0,2.8,34.0,96.0,14.0,300.0,1400.0,2.1,4.7,0.8,6.8,1.2,2208.0,POND,0
-1.166539926771866,0.6836499152333411,1.1151095303036416,0.0243244589123418,-0.2480678763785666,0.8292760511835309,940.0,19.0,2.8,32.0,250.0,13.0,610.0,1900.0,2.3,5.7,0.9,7.0,4.0,2216.0,POND,0
-1.3752045150047023,0.2960982854931887,-0.6027839301141856,-0.456588058089575,-0.0066236179526051,0.4391356823600116,730.0,20.0,2.7,27.0,134.0,7.0,300.0,1400.0,2.2,5.5,0.9,7.1,2.0,2221.0,POND,0
-1.70156850194468,0.5171817657792892,1.6616595376989716,0.0474268604097875,-0.9777103315952164,-7.826914189177568e-05,910.0,17.0,2.6,33.0,114.0,16.0,300.0,1500.0,2.0,4.2,0.8,6.7,1.2,2209.0,POND,0
-1.5268370712059764,0.5604144618750748,-0.3072779255214521,0.4023150725657112,-0.1209501923192153,0.5228925285051419,910.0,22.0,2.8,30.0,198.0,8.0,300.0,1500.0,2.3,7.0,0.7,7.0,1.3,2212.0,POND,0
-1.8055696701296728,0.7030105622312451,1.5967326651033702,0.0039968259950873,-1.067929452169971,0.1050082550987044,720.0,17.0,2.5,33.0,86.0,16.0,360.0,910.0,2.1,5.4,0.8,6.6,1.3,2227.0,POND,0
-1.4515961449053307,0.5341590480286607,0.2333939317560142,0.6825437832380716,-0.5490627827435144,0.4689973702348805,940.0,22.0,2.7,32.0,355.0,10.0,300.0,1500.0,2.3,6.8,0.8,6.8,1.1,2213.0,POND,0
-1.8752722430391424,0.6115014345483386,1.34461368191454,-0.0290759113269389,-0.7058283231423294,-0.0402241497829599,730.0,17.0,2.6,32.0,104.0,15.0,300.0,1100.0,1.9,4.8,0.6,6.8,1.3,1532.0,POND,0
-1.543215024510709,0.2382061398936323,1.8514886151934784,0.4059234981354406,0.0142507303028492,0.392363737365997,940.0,18.0,2.8,34.0,428.0,16.0,360.0,1600.0,2.4,4.2,0.8,7.2,1.6,3809.0,POND,0
-1.4451559603592652,0.3002839296770081,2.034686942688595,1.6478983046365443,-0.8144582993637371,0.5062104638274761,730.0,22.0,2.7,38.0,104.0,16.0,300.0,1500.0,2.2,4.5,0.7,6.9,2.3,2223.0,POND,0
-1.563486800210083,0.4525058112293368,1.547665100455517,0.5572826413223563,-0.7314058536626333,0.0011963143978773,600.0,19.0,6.8,34.0,96.0,15.0,300.0,910.0,2.1,4.7,0.7,6.8,1.1,4006.0,POND,0
-1.3830280214096264,0.4940846344143091,-0.3153196107318122,0.362877902577339,-0.4800249712152608,0.3898151236843712,620.0,22.0,2.8,30.0,353.0,8.0,300.0,1400.0,2.3,6.8,0.8,6.8,1.3,2211.0,POND,0
-0.8487279903842884,0.3116792171412695,-1.503888684689355,-0.4024528741576323,-0.2573333817325272,-0.0505587064356632,730.0,22.0,2.9,25.0,162.0,3.0,300.0,1600.0,2.3,4.0,0.8,6.9,1.3,3806.0,POND,0
-1.1421485733571624,0.2379221839642105,1.3605200695591295,1.7812161625138463,-0.7181058931953225,0.5509471902100506,730.0,24.0,2.7,37.0,136.0,13.0,300.0,2000.0,2.5,4.5,0.8,6.9,1.7,2222.0,POND,0
-1.5225623635842995,0.3129404611638877,2.2194238347987056,1.728922940094252,-0.8426241548008849,0.5377073353610383,720.0,22.0,2.6,38.5,133.0,17.0,300.0,1400.0,2.1,4.6,0.7,6.9,2.2,2224.0,POND,0
-1.601111942053843,0.3971003113669218,1.3200216502332585,0.7025417392540713,-0.4563284764783956,0.4688941791456403,910.0,20.0,2.5,34.0,116.0,14.0,300.0,2000.0,2.1,4.9,0.8,7.0,1.4,2210.0,POND,0
-1.491282102567899,0.2205156391833909,1.7768077058650809,0.157966015318539,-1.4797475952968766,0.7051836442008479,910.0,18.0,2.5,34.0,92.0,16.0,300.0,1500.0,1.0,4.9,0.8,6.7,8.0,2226.0,POND,0
-1.3520059572163197,0.1885378405193451,0.896012838024968,-0.4793268366224319,-0.5793894089676473,0.009301089416642,730.0,17.0,2.8,30.0,571.0,13.0,300.0,1500.0,2.4,4.3,1.0,6.8,1.5,2217.0,POND,0
-1.7686677894918512,0.7090268425840354,1.5868629491801625,0.0150217202832228,-1.2077480527253128,-0.1033316643590708,910.0,17.0,2.8,33.0,110.0,16.0,300.0,1500.0,2.3,5.4,0.7,6.5,1.4,3775.0,POND,0
-1.4939402101578698,0.4502116282632478,1.843586658516428,0.6330439435824279,-0.8263971224433467,0.3147850882943361,720.0,19.0,2.6,35.0,112.0,16.0,360.0,2000.0,2.3,4.3,0.9,6.8,1.2,4334.0,POND,0
-1.5995212568302757,0.2343061798882318,2.2308656476866595,1.4905340435840333,-0.6423640159461453,0.6274996119072414,720.0,21.0,2.6,38.0,195.0,17.0,300.0,1200.0,2.1,4.7,0.8,7.0,2.0,5137.0,WETLAND,0
-1.5067731823419306,0.1757129434239286,2.007517803980747,1.5997666114095324,-0.6878194276294101,0.8449018802141172,730.0,22.0,2.6,38.0,202.0,16.0,300.0,1500.0,2.0,4.9,1.0,7.0,1.6,5136.0,WETLAND,0
0.2366076681957049,3.3080996311103386,1.3202305892202686,-1.16829601503278,0.5284663483425088,0.4033943560579515,10678.0,15.0,6.0,28.0,392.0,13.0,766.0,31301.25,1.6,2.8,0.3,7.1,0.43,2557.0,LAKE,0
0.5661940597507333,2.205152005703303,1.9849155492466015,-0.7858078228547143,0.8076334378749821,-0.5064201851473136,10678.0,15.0,30.0,30.0,1100.0,15.0,270.0,31301.25,1.5,3.6,0.3,7.2,0.44,2571.0,LAKE,0
0.0938137946122985,2.17409388083474,1.6468880883804802,-0.2525413331846028,0.6992534549722403,0.1877169681125483,10678.0,17.0,12.0,31.0,962.0,14.0,230.0,31301.25,1.8,3.4,0.3,7.3,0.68,4296.0,LAKE,0
0.6527622184316969,3.1606235053527745,1.5873030634502954,0.0782806055971767,0.7572105391284187,0.6040546663344346,10678.0,19.0,14.0,32.0,995.0,13.0,766.0,31301.25,2.0,5.2,0.3,7.1,0.43,2573.0,POND,0
-0.0212237878430538,3.2523621753166587,2.36000718386622,-0.590955051980608,1.1949278223568365,0.7924747550818986,10678.0,15.0,11.0,32.0,831.0,17.0,766.0,31301.25,2.6,6.3,0.3,7.3,0.35,2574.0,POND,0
-1.7059746299578118,1.7637546181570023,2.115742697607035,-0.0042872546194629,-0.2864732641933774,0.767625045975611,9200.0,16.0,3.8,34.0,283.0,18.0,27.0,16000.0,1.8,7.8,0.4,7.0,2.4,2046.0,LAKE,0
0.2168167959945324,-0.8186159839129704,-1.0185841969793383,1.2229063522417092,0.9729069732375076,-1.2058360199622324,170.0,26.0,35.8,29.0,2432.0,3.0,20.0,140.0,1.8,6.2,0.36,7.2,1.0,3164.0,POND,0
2.4200395298150146,0.7651489821783446,0.9557681171010032,-0.0094630547455367,2.880513187345469,-1.2215637906300454,10678.0,22.0,35.8,29.0,790.0,7.0,766.0,1500.0,7.05,0.3,0.3,7.8,0.91,3031.0,LAKE,0
1.6453610779441123,1.030885322307019,0.7572671710372517,0.2691536972785547,2.783154012174621,-0.5399490930244439,10678.0,22.0,35.8,29.0,790.0,7.0,766.0,1500.0,3.3,0.3,0.3,8.1,0.7,3476.0,LAKE,0
2.493570695032629,0.809285848124104,0.9302249628832462,-0.0605965474130066,2.512480704927721,-1.2994804611585695,10678.0,22.0,35.8,29.0,790.0,7.0,766.0,1500.0,7.05,0.3,0.41,7.6,0.58,3030.0,LAKE,0
-0.4675717999773457,1.1259201963708363,-0.7894888602144358,1.648111018554426,-2.584349607761206,-0.7747361350873061,2200.0,27.0,2.5,32.0,166.0,5.0,240.0,3500.0,1.0,3.0,0.32,5.800000000000001,0.32,5280.0,LAKE,0
-1.3690898337358692,0.5113169605891055,-0.8240166724134899,1.2594270145522295,-2.166401914887946,-0.7013749389155803,350.0,25.0,1.7,31.0,59.0,6.0,8.0,540.0,1.0,4.2,0.32,6.1,0.62,3175.0,LAKE,0
-0.1208231231473723,1.5660402734997492,-1.2097526231545097,1.5867086777308954,-2.3179088821785765,-0.5721527419692317,2400.0,28.0,5.0,31.0,226.0,3.0,490.0,3500.0,1.0,4.0,0.32,5.800000000000001,0.34,5103.0,LAKE,0
0.3917471525428854,1.4179021045926476,-1.1600514816743357,1.3353851918834407,-1.2886881937681371,-0.2166057467811306,2700.0,27.0,2.1,30.0,1981.0,3.0,766.0,3400.0,1.0,5.1,0.32,6.1,2.22,3177.0,LAKE,0
1.145724237102565,1.2874508899229924,-0.6958440811418343,1.501194451998874,-1.9947022035778232,-1.529132469045131,3400.0,28.0,28.0,31.0,49.0,3.0,490.0,4700.0,1.1,1.0,0.32,5.9,0.35,3180.0,LAKE,0
-0.9126795526718068,1.805528194301654,-0.9668350322441184,1.2672173177601906,-1.7138446160661167,0.067091599891182,2400.0,26.0,2.0,31.0,164.0,5.0,490.0,4900.0,1.0,6.8,0.32,6.1,0.32,4408.0,LAKE,0
-0.3833291068914389,2.229923277745348,-1.354675736391428,1.1958740523468732,-2.1093640813450523,-0.0989838698793723,2300.0,27.0,1.9,30.0,67.0,3.0,766.0,3300.0,1.0,6.0,0.32,5.800000000000001,0.32,2269.0,LAKE,0
0.1656048936001021,1.0320947914331078,-1.0852115271380516,1.5898513093407172,-2.128921135229911,-1.083048442342936,2400.0,28.0,16.0,31.0,271.0,3.0,230.0,5400.0,1.2,3.4,0.32,5.9,0.32,3178.0,LAKE,0
1.1087485811122506,1.639931878786567,-1.310727086615421,0.8135091643824206,-1.1691883081648835,-0.4304085526260318,4900.0,27.0,6.7,28.0,477.0,1.0,766.0,7000.0,1.7,1.2,0.32,6.3,2.96,3179.0,LAKE,0
-1.0647986075666152,1.307624177087393,-1.5408575836707652,1.3288248302083263,-2.0021350723953324,-0.2375476615122393,940.0,27.0,1.5,30.0,99.0,3.0,330.0,1500.0,1.0,6.4,0.32,6.0,0.32,5104.0,LAKE,0
-1.9339765347883249,-0.3844058070541538,-0.6936962098579025,1.4097172340965225,0.8794771335289148,0.8637589773858323,4.0,25.0,1.0,31.0,576.0,6.0,2.0,21.0,1.0,6.1,0.32,7.8,3.27,1345.0,LAKE,0
-0.4692622940441983,-0.8782294804244115,-0.7360042064392426,1.1470877933803538,0.864940329909869,-0.8095521893371925,350.0,24.0,13.0,29.0,2680.0,5.0,14.0,540.0,1.0,3.2,0.3,7.4,0.81,1973.0,LAKE,0
-0.8681177319657984,-0.0566583469850748,-0.6277400283742142,1.5321001600413815,0.6671079348019836,0.0940367377291955,920.0,26.0,12.0,31.0,713.0,5.0,170.0,1600.0,1.2,4.1,0.39,7.5,0.77,1344.0,LAKE,0
-1.0561123578626133,-1.1938934790313314,0.6755021817148851,2.269524898828354,2.0448635555189094,0.5882396573380211,920.0,25.0,3.5,35.0,2862.0,10.0,18.0,1600.0,1.6,4.5,0.42,8.2,1.69,1977.0,LAKE,0
-1.6192827663309963,-0.3885292098148948,-0.0315195585465273,1.8403239157781908,0.7542964643972916,0.3241724735253303,350.0,25.0,3.9,33.0,831.0,8.0,11.0,540.0,1.0,4.0,0.32,7.7,0.66,3198.0,LAKE,0
-1.3933644617429977,-0.335965425774558,-1.1907043763899283,1.1275940699140676,0.6261519517340547,-0.0678210064354615,7.0,25.0,3.1,29.0,970.0,4.0,4.0,26.0,2.0,5.1,0.32,7.4,0.43,3199.0,LAKE,0
0.3887289003478002,-0.710475023223887,1.0466953025517842,1.2161718477777614,2.913577962297201,-0.4683286583089433,920.0,22.0,25.0,32.0,3294.5,10.0,540.0,1600.0,2.2,2.9,0.32,8.2,1.0,1343.0,LAKE,0
-1.0411117283473297,-0.1359983661269291,-1.480799715439337,1.4379329887814942,0.5093255554766294,-0.4108599438589029,350.0,26.0,2.3,29.0,2260.0,3.0,70.0,920.0,1.8,6.5,0.04,7.1,0.47,2078.0,LAKE,0
-1.512685548259327,-0.1352158639271549,-1.0357472381095532,0.9975737094346198,-0.1642152455464869,-0.2758548231416069,7.0,24.0,1.7,29.0,814.0,5.0,4.0,26.0,1.0,4.0,0.32,7.1,0.36,1975.0,LAKE,0
0.8116071677075242,-1.918154733654431,2.132074491596525,2.008772125128296,2.7389650536973664,-1.4040986755165294,920.0,23.0,34.0,36.0,3294.5,13.0,49.0,1600.0,3.7,0.3,0.32,8.2,0.78,3201.0,LAKE,0
1.4777828390259071,-2.1571771987307007,1.2898069899460152,0.3185309478832049,3.007952502781553,-2.4428915890802485,920.0,20.0,35.8,30.0,3294.5,10.0,2.0,1600.0,7.05,0.3,0.33,7.9,1.02,3200.0,LAKE,0
-1.95998808736664,0.3155576309493501,-0.930148835578923,1.3858755392060078,-0.7145331065265205,0.0589696395290186,2.0,25.0,1.1,31.0,506.0,6.0,2.0,14.0,1.0,7.0,0.3,6.8,0.3,2077.0,LAKE,0
0.2103198444526318,-1.5195447942119538,0.5130411259728024,0.4820252188777442,1.8112304235516812,-1.6763062002352005,170.0,20.0,27.0,29.0,3294.5,9.0,12.0,920.0,2.2,1.2,0.32,7.7,0.85,1972.0,LAKE,0
-1.7154081809257018,-0.0984038512260361,-0.6282777538013699,0.9269886868577528,0.1487386995883087,-0.1498039653905906,33.0,23.0,2.4,30.0,1130.0,7.0,5.0,79.0,2.0,6.5,0.32,7.1,0.37,1976.0,LAKE,0
-1.5313659969671722,-0.7094561425141798,-0.2302494127611353,1.5656436507570477,1.4747166229094533,0.9827128808004092,240.0,25.0,3.3,32.0,1053.0,7.0,63.0,350.0,1.2,5.3,0.36,8.1,4.34,1346.0,LAKE,0
0.582036606482001,-1.5842411218275774,1.653651649511825,1.7552428531456732,1.8725105784542744,-1.4886521560101034,920.0,23.0,28.0,35.0,3046.0,12.0,12.0,1600.0,4.1,1.6,0.3,7.7,0.94,1971.0,LAKE,0
-1.4188589679658952,-0.3975743876557491,-1.588936743755744,1.4536578235900006,1.0780490750057468,0.6954272512713627,94.0,27.0,2.6,29.0,813.0,2.0,63.0,240.0,1.0,5.2,0.47,7.8,1.23,3202.0,LAKE,0
-1.8327080550236707,-0.1921345492721246,-1.670399025565568,1.833215085542558,1.0762692474874431,0.8029205831039196,12.0,28.0,2.0,30.0,540.0,2.0,2.0,46.0,1.0,6.6,0.32,7.8,0.36,2079.0,POND,0
-1.7725238895259623,-0.3071946777328612,-0.7913190779159306,1.5684204104718602,0.7588107548752544,0.3204151116800673,17.0,25.0,2.2,31.0,1623.0,6.0,2.0,40.0,1.0,6.8,0.3,7.5,0.4,1979.0,POND,0
-2.0209147560104124,0.3896147590982029,-0.7103374394169601,0.4976100535737277,0.3744019473781652,0.1316668121395022,200.0,22.0,4.5,29.0,324.0,7.0,100.0,900.0,2.2,7.8,0.3,7.2,0.3,1349.0,LAKE,0
-1.808165811722941,0.7292302664675344,-0.5393365328401378,0.5816442800066518,1.0055116072452168,0.5882861728811472,400.0,22.0,4.6,29.0,392.0,7.0,400.0,2100.0,1.0,6.4,0.3,7.6,0.3,1392.0,LAKE,0
0.9475044907880736,2.5028940144626164,-0.1375426608950434,-1.4290616829468668,1.0655581332879034,0.4393299653941269,7600.0,18.0,10.0,25.0,1270.0,7.0,766.0,31000.0,4.0,6.4,0.6,7.0,2.2,3033.0,LAKE,0
-0.7687901000076726,0.8957291722150262,3.8315897499460054,-1.31625033856198,0.225299786505151,1.0863007315230555,4200.0,10.0,9.0,35.0,1120.0,23.0,750.0,9200.0,4.0,6.5,1.8,7.0,1.8,3032.0,LAKE,0
-1.6682967150902974,0.2536563126816957,-0.5903112331988912,0.5591346759285003,0.6427359372832637,0.043301001994265,200.0,22.0,3.2,29.0,825.0,7.0,200.0,700.0,2.2,6.5,0.3,7.3,0.3,4857.0,POND,0
-3.525592308990649,0.5051545295541374,1.4178814225436889,-1.5018215556364072,0.9292803086005812,0.3742151774368786,540.0,10.0,1.0,28.0,650.0,18.0,94.0,1600.0,1.0,8.6,0.32,7.6,1.62,1291.0,LAKE,0
-2.777120882220665,0.4013006406443884,0.5318851715956171,-2.5649608334501113,-0.9027329058472022,-0.7194800042525398,130.0,10.0,1.0,23.0,179.0,16.0,2.0,1600.0,1.0,5.5,0.3,6.7,4.67,2650.0,LAKE,0
-2.4855593093102724,-0.0344974088748795,-0.9457613621053524,-0.583756652765869,1.3393704763546026,0.2664702732883307,130.0,18.0,2.6,25.0,747.0,7.0,26.0,350.0,1.0,6.7,0.32,7.8,0.91,1429.0,LAKE,0
-2.8607789019952707,0.4806788326796091,1.5004468288840782,-1.8220547886493867,0.4022509037303733,0.0397343034585927,1600.0,10.0,3.6,27.0,340.0,18.0,130.0,1600.0,1.0,6.2,0.32,7.4,3.83,2649.0,LAKE,0
-2.660683444082985,0.4525642958373509,-1.0442327741957345,-1.9929601885974495,0.0066786661774225,0.0461393042941177,356.0,14.0,1.0,22.0,163.0,8.0,45.0,1500.0,1.0,7.5,0.51,7.1,2.61,2738.0,LAKE,0
-2.2574411253591156,-0.3060226472052845,-0.5748557445474562,-1.3460630949938146,2.0095322697099354,0.4552893186388661,356.0,16.0,3.5,24.0,176.0,8.0,45.0,1500.0,3.0,6.4,0.51,8.1,2.61,2740.0,LAKE,0
-1.8326538281014904,-0.2198161213162777,-2.395404170785889,0.0718042676412066,1.5267135700561545,0.9896613762771098,356.0,24.0,1.1,24.0,376.0,0.0,45.0,1500.0,1.1,6.7,0.51,8.0,2.61,3257.0,LAKE,0
-2.2246907753463687,-0.1326450741761675,-2.6184889981105375,-0.8763842568026988,1.9693028227277647,1.0298420465229443,356.0,21.0,1.0,21.0,196.0,0.0,45.0,1500.0,1.0,7.2,0.51,8.2,2.61,3261.0,LAKE,0
-1.8039873651196916,-0.2828737023646977,-2.562099376579342,-1.2253219145819485,1.7399056079529265,0.4717978918950638,356.0,20.0,1.6,20.0,380.0,0.0,45.0,1500.0,1.6,5.6,0.51,8.0,2.61,3255.0,LAKE,0
-2.7397394347905872,0.321030607417027,-1.003900241627682,-1.9527272549338464,0.5327245108126788,0.2528025256495418,356.0,14.0,1.0,22.0,172.0,8.0,45.0,1500.0,1.0,7.4,0.51,7.4,2.61,2739.0,LAKE,0
-1.7553102095812003,-0.4884822527130254,-0.3634437377989567,-1.3864973986970812,2.34931624342921,0.0500904486982367,356.0,16.0,16.8,24.0,180.0,8.0,45.0,1500.0,3.1,6.0,0.51,8.2,2.61,2741.0,LAKE,0
-2.342807549717945,0.2597578253289638,1.3173101004204164,1.0260395085141616,-0.89317936658475,0.4572403838019825,356.0,20.0,1.2,35.0,277.0,15.0,45.0,1500.0,1.0,6.6,0.51,6.9,2.61,2398.0,LAKE,0
-1.9560240567460283,-0.1475138200272948,1.0222293054451708,1.4085751282835297,0.0200083401269493,0.6035384723851369,356.0,22.0,2.9,35.0,790.0,13.0,45.0,1500.0,1.5,6.5,0.51,7.3,2.61,2402.0,LAKE,0
-2.71529600110157,0.0566372621427518,1.4795993627587778,-0.8585528651963426,0.3111428310612936,0.1559026180045984,356.0,13.0,2.5,30.0,790.0,17.0,45.0,1500.0,1.8,7.2,0.51,7.3,2.61,2394.0,LAKE,0
-2.689854034705151,-0.0759456448474827,2.595513008223453,0.6191376707865768,0.1215117373619415,0.5471954496870565,356.0,16.0,2.2,36.0,306.0,20.0,45.0,1500.0,1.2,5.2,0.51,7.5,2.61,4491.0,POND,0
-1.7179427894046675,-0.2765453060380107,0.1165982184752404,-1.8243307492577605,0.3537433349567582,-0.7705413022666553,356.0,13.0,3.9,24.0,790.0,11.0,45.0,1500.0,2.5,3.4,0.51,7.2,2.61,4740.0,POND,0
-1.83157095184411,-0.1914606218937035,0.1188706012600331,-1.4772564556389465,0.2428027766060777,-0.5613892117713999,356.0,14.0,4.5,25.0,790.0,11.0,45.0,1500.0,1.9,4.0,0.51,7.2,2.61,4741.0,POND,0
-2.7647174608059144,-0.0555509868063002,2.8991795968795087,1.1011245720461629,0.0327988778852346,0.740666968496681,356.0,17.0,1.6,38.0,312.0,21.0,45.0,1500.0,1.1,5.6,0.51,7.5,2.61,2393.0,POND,0
3.753522848478066,0.8074241574377303,-0.9673067642903967,-0.4824087354034583,0.077421483600072,-1.1870808445773562,8400.0,25.0,28.0,25.0,2130.0,0.0,390.0,31301.25,5.0,0.3,0.7,6.5,6.2,4506.0,LAKE,0
1.5689843898472111,0.8297010276731415,-1.6363147851253057,-0.4074232046686586,0.0288445562086354,0.3505047270789859,4900.0,25.0,9.0,25.0,1237.0,0.0,230.0,31301.25,4.0,4.2,1.0,6.8,4.8,3612.0,LAKE,0
4.519108388020623,1.204847631601786,-0.6098503955875263,-0.8771278561458152,0.3025073015605357,-0.0885658716962697,10678.0,25.0,35.8,25.0,1521.0,0.0,766.0,31301.25,4.0,0.3,1.0,6.8,11.6,3629.0,LAKE,0
1.6900669233797854,2.116051258664226,-1.6693073182244866,-0.2863708045111123,-0.4308807426674286,-0.248874232243369,10678.0,25.0,9.0,25.0,896.0,0.0,210.0,31301.25,4.0,4.4,0.4,6.4,2.9,4541.0,LAKE,0
2.9789316451680743,0.4208873695010015,-0.9233545061334412,-0.6789409609325298,-0.4345922769293585,-1.221510849383235,7000.0,24.0,35.8,25.0,1098.0,1.0,49.0,31301.25,4.0,0.3,1.1,6.5,4.0,3628.0,LAKE,0
2.4743466026778593,1.8944427490289384,-1.4841890338441217,-0.5411139671115751,-1.2132098386533317,-0.2000302968282933,10678.0,25.0,18.0,25.0,1010.0,0.0,310.0,31301.25,3.0,3.1,1.0,6.1,4.0,3599.0,LAKE,0
3.890382271996983,0.6044185978229322,-0.931319011411512,-0.5893312247708407,-0.2545756998587949,-1.0452259146996603,10678.0,25.0,35.8,25.0,1943.0,0.0,170.0,31301.25,4.0,0.3,0.96,6.5,7.2,4096.0,LAKE,0
3.071201058381321,0.8719631196317922,-1.2149803910930617,-0.5367310199617994,0.0482437825105017,-0.0907907167810901,10678.0,25.0,20.0,25.0,2078.0,0.0,230.0,31301.25,4.0,2.6,0.92,6.7,7.79,3615.0,LAKE,0
3.1566294035697995,1.6916327501290769,2.68171266318772,1.0353287310055006,0.778425326532239,-0.0888628571507843,10678.0,23.0,35.8,36.0,1600.0,13.0,766.0,31301.25,3.0,0.3,0.4,7.2,7.3,3696.0,LAKE,0
2.4384961823924938,1.4929602283139656,-1.2801610303407271,-0.3635626680419825,0.2461213014770151,-0.0231009568668094,10678.0,25.0,11.0,25.0,936.0,0.0,330.0,31301.25,4.0,0.5,0.81,6.9,3.4,4542.0,LAKE,0
1.4052895722703345,2.19791089302712,-1.730538406120442,-0.3211587950807583,-0.5677229028877425,0.2460341396604046,10678.0,25.0,8.0,25.0,499.0,0.0,230.0,31301.25,3.0,4.2,0.72,6.5,2.0,3643.0,LAKE,0
1.7598533148025866,0.4264080718566257,-1.4465136456470515,-0.5993674423580216,0.5598673001934705,1.0941314523601526,7000.0,25.0,10.0,25.0,884.0,0.0,130.0,31301.25,4.0,4.1,1.03,7.3,10.0,4515.0,LAKE,0
3.679267644842395,0.9903110038506998,-0.9665712148808496,-0.5485442870114926,-0.0490485268361676,-0.7539911859883811,10678.0,25.0,30.0,25.0,1742.0,0.0,330.0,31301.25,4.0,0.3,0.9,6.6,6.4,3651.0,LAKE,0
0.7901043367974427,-1.311178815611758,1.6661909979367524,1.6020666392955505,-0.0248069010338807,3.454785053522154,920.0,27.0,5.4,38.0,1020.0,11.0,766.0,1600.0,1.0,3.4,2.3000000000000003,7.8,14.855000000000002,3679.0,LAKE,0
2.816845802014645,0.8007161287019602,-1.098035992156156,-0.9184846933611428,-0.554232496041062,0.5924194777517564,10678.0,24.0,20.0,25.0,1670.0,1.0,220.0,31301.25,3.0,2.8,1.7,6.6,6.78,4507.0,LAKE,0
1.8432200818204243,1.2220823681756092,-1.5181098594321745,-0.6290008671856496,0.4196811383926482,1.304077399309688,10678.0,25.0,7.0,25.0,999.0,0.0,230.0,31301.25,4.0,5.1,1.17,7.1,7.3,4537.0,LAKE,0
2.9478163878270105,0.4762149367279739,-1.2954954708996524,-1.2275078081283548,-1.192784663192612,1.6280560246085425,10678.0,25.0,10.0,25.0,1009.0,0.0,210.0,31301.25,4.0,4.1,1.85,6.5,14.855000000000002,4520.0,LAKE,0
1.6049847115429348,-0.0314865643429982,0.7884897608779531,-0.3864563375169827,1.8115217781904769,-0.2180986170976429,2200.0,21.0,14.0,29.0,1140.0,8.0,766.0,11000.0,7.05,1.5,0.84,7.5,4.8,3584.0,LAKE,1
2.1540004754914666,1.5291014684981308,-1.419393599474956,-0.3505462719135593,-0.0396013270564642,0.0573386823788292,10678.0,25.0,16.0,25.0,979.0,0.0,220.0,31301.25,3.0,2.2,0.83,6.8,3.73,4521.0,LAKE,0
1.9778573593071953,2.1503503622556157,-1.4806653920059265,-0.2180842500550357,-0.6061528953827579,-0.3557687225558952,10678.0,25.0,8.0,25.0,499.0,0.0,330.0,31301.25,3.0,0.5,0.5,6.5,2.0,3645.0,LAKE,0
1.852190201271067,1.6359502607074012,-1.584618185411234,-0.5737611777537043,-0.8647416381991955,0.5669979984133677,10678.0,25.0,10.0,25.0,568.0,0.0,170.0,31301.25,3.0,4.2,0.81,6.5,8.0,4526.0,LAKE,0
2.252978690520157,1.500006299787336,-1.232475328312336,-0.6636905508031244,-0.1332219152267622,0.4212025996567515,10678.0,24.0,16.0,25.0,1479.0,1.0,310.0,31301.25,3.0,4.0,1.0,6.7,6.0,4528.0,LAKE,0
3.2139891470032,0.2389062499099057,-1.1414026186198505,-0.7079529930065589,-0.4219485306117279,-0.5974834528494467,6300.0,25.0,35.8,25.0,1376.0,0.0,170.0,31301.25,4.0,1.3,1.7,6.5,3.54,3604.0,LAKE,0
1.7621006910942438,0.9556056388078976,-1.6683929603251424,-0.4571770272107497,-0.5399479167640885,0.1125717079189404,7900.0,25.0,10.0,25.0,1292.0,0.0,48.0,31301.25,4.0,4.1,1.1,6.5,4.0,3613.0,LAKE,0
3.1433848723584576,1.100282771623908,-1.1802717703570431,-0.5182564234873575,-0.4004223028724237,-0.4434937987467525,10678.0,25.0,19.0,25.0,1542.0,0.0,270.0,31301.25,4.0,0.3,1.1,6.5,4.4,3654.0,LAKE,0
1.9032780469793065,2.2620017601535087,-1.5550025065526696,-0.3702734912335009,-0.4819496937253786,0.1550264129252371,10678.0,25.0,11.0,25.0,650.0,0.0,400.0,31301.25,3.0,3.3,0.7,6.5,3.0,4535.0,LAKE,0
-0.4157781091838416,0.1720720033619266,0.8817187005865063,-0.8079215074418233,2.4629081671692905,1.1433128584121992,1700.0,17.0,6.0,28.0,1463.0,11.0,766.0,7000.0,3.0,4.6,0.76,8.2,5.9,3582.0,LAKE,0
1.2630924088916418,1.486509341836744,-1.7984776371016329,-0.3066066303330263,-0.6815195796621349,0.1938217647841083,7900.0,25.0,7.0,25.0,855.0,0.0,110.0,31301.25,3.0,4.0,0.93,6.5,2.27,3625.0,LAKE,0
0.9200704756500252,2.5426351119725155,-1.8540099533909775,-0.0796476082597146,-0.6021017370225489,-0.0146173384887923,9400.0,25.0,8.0,25.0,341.0,0.0,260.0,31301.25,2.0,4.3,0.3,6.5,1.06,3597.0,LAKE,0
3.9426211118778105,0.7919883356762504,-0.8999289895803085,-0.6292563995084215,-0.2418480495387655,-0.940002132477406,10678.0,25.0,35.8,25.0,1776.0,0.0,270.0,31301.25,4.0,0.3,0.97,6.5,7.3,3636.0,LAKE,0
-0.3398972802071106,-0.862558447982949,0.9220905736327778,1.6614088383412688,1.0933319670949682,-0.1937500398947128,1498.0,24.0,25.0,34.0,1483.0,10.0,2.0,3500.0,1.0,3.1,0.3,7.8,4.53,3559.0,LAKE,0
2.478827549393104,1.3942049176110345,-1.4127604142873815,-0.4775590596501858,-0.2966748333097341,-0.2787660152659727,10678.0,25.0,20.0,25.0,1264.0,0.0,170.0,31301.25,4.0,3.1,1.0,6.5,3.09,3617.0,LAKE,0
-1.632148036222905,0.1322666119282617,-0.7831331035498982,0.749661774431091,0.6815670516325877,0.1041169785459673,280.0,23.0,2.6,29.0,690.0,6.0,130.0,1600.0,2.0,5.8,0.3,7.4,0.3,3660.0,LAKE,0
1.4853844079262637,0.6152953228337358,-1.620870263059862,-0.4857846998303725,-0.0913615807224621,0.5949524295885941,4300.0,25.0,16.0,25.0,872.0,0.0,170.0,31301.25,3.0,4.2,1.3,6.9,5.0,3609.0,LAKE,0
1.1285743090841929,2.4203056422967313,-1.7010712033893138,-0.3217741774617783,0.3610330647485254,0.6285181732644713,4600.0,25.0,4.0,25.0,314.0,0.0,766.0,31301.25,4.0,5.5,0.51,6.8,2.61,4546.0,LAKE,0
4.144063113161907,1.0944906035736583,-0.5699638047936768,-1.3684304728944476,-0.1638499607547582,0.951885290725884,10678.0,24.0,30.0,25.0,1257.0,1.0,766.0,31301.25,4.0,2.2,1.8,6.7,12.0,3627.0,LAKE,0
-0.2905628079282095,-0.3145469821046031,-2.1013558574673477,-0.2225798162880702,-0.0622387748600243,0.4126244967656218,220.0,25.0,4.0,25.0,406.0,0.0,220.0,2400.0,4.0,5.6,1.4,6.9,1.4,4545.0,LAKE,0
1.948247462865759,1.8977955236495836,-1.5276581909914362,-0.3438120546334611,-0.1319485053361312,0.27796240248569,10678.0,25.0,11.0,25.0,1044.0,0.0,330.0,31301.25,3.0,3.4,0.72,6.7,4.0,3616.0,LAKE,0
3.870346799329503,1.2577712094111628,-0.9211414360762044,-0.4624321219072817,-0.1813942557910961,-1.0132010033577794,10678.0,25.0,35.8,25.0,1970.0,0.0,430.0,31301.25,3.0,0.3,0.67,6.5,7.0,4540.0,LAKE,0
1.937386033057755,1.0608961552714424,-1.3002650829203268,-0.7151006924519533,-0.7126915992335439,0.3888015506658264,8400.0,24.0,12.0,25.0,894.0,1.0,170.0,31301.25,3.0,2.8,1.1,6.6,7.0,4529.0,LAKE,0
-1.2177033498724243,-0.1395183386800332,-1.8584731461200257,-0.1333187162523672,0.6741722995972725,-0.0638939606671656,278.0,23.0,4.7,25.0,680.0,2.0,70.0,542.0,3.5,7.1,0.56,7.2,1.18,3684.0,LAKE,0
0.0165245980257903,-1.5053320621105752,-0.8895719795351449,-1.415914783899282,-0.002872567814614,2.6749151740009,920.0,21.0,4.0,25.0,452.0,4.0,350.0,1600.0,1.0,4.2,2.3000000000000003,7.7,14.855000000000002,3680.0,LAKE,0
2.3243071688666337,1.3560361819113862,-1.373963237211769,-0.3763564945999568,-0.173732194780913,-0.1034648755432461,8400.0,25.0,18.0,25.0,1119.0,0.0,330.0,31301.25,3.0,1.8,0.9,6.7,4.0,4543.0,LAKE,0
2.916433413727655,1.5147115980230068,-1.233576374880245,-0.5544709004675682,-0.1512395428690465,-0.5434441404244756,10678.0,25.0,31.0,25.0,1098.0,0.0,270.0,31301.25,4.0,3.2,0.9,6.5,4.0,4511.0,LAKE,0
-1.5098614036646711,-0.2703147122597334,-0.934352657376602,1.1566824142689074,0.4129609762900709,0.3652026481776965,170.0,25.0,2.5,30.0,690.0,5.0,14.0,600.0,1.8,6.1,0.3,7.4,3.2,3695.0,LAKE,0
2.113014453283647,0.9744908654100696,-1.5216864188957078,-0.4080193617382821,-0.4144387765655081,-0.3697838370040447,7900.0,25.0,17.0,25.0,1311.0,0.0,79.0,31301.25,4.0,3.2,0.9,6.5,4.0,4544.0,LAKE,0
-1.514691334548864,0.2118710362494234,1.3845211237389163,1.4103158809964962,1.8818527354924772,1.3027419071053503,1100.0,22.0,4.5,35.0,653.0,13.0,400.0,6300.0,2.0,5.5,0.44,8.2,2.5,3583.0,LAKE,0
1.906163013936484,0.5759265977977408,-1.6464939996786432,-0.7744056635370146,-0.6976189029351437,0.9958499214582228,4600.0,25.0,8.0,25.0,1325.0,0.0,310.0,31301.25,4.0,4.7,1.9,6.5,5.09,4516.0,LAKE,0
-1.9508787647685129,-0.1568032511091984,-1.5516430441824156,0.9418149535050412,1.0639428127948432,0.7602929168010192,70.0,25.0,2.6,28.0,370.0,3.0,20.0,240.0,1.0,6.7,0.3,7.8,2.3,3692.0,LAKE,0
-0.7198827077317979,-0.5520319191225618,0.2680774767556518,0.0807881143286587,1.7253815781206694,0.3073948596245816,1400.0,20.0,6.0,29.0,1698.0,9.0,140.0,7900.0,3.0,4.5,0.44,7.9,4.8,3586.0,LAKE,0
3.600593526034166,0.4044054707722513,-1.0347410246537416,-0.7384733162634395,-0.0992961240341019,-0.388453087810701,8400.0,25.0,35.8,25.0,1915.0,0.0,260.0,31301.25,4.0,2.2,1.42,6.6,7.0,3635.0,LAKE,0
1.8948905517580583,1.572439396633467,-1.542055541555635,-0.4035894019800687,-0.0400395545593592,0.0550075342249341,10678.0,25.0,14.0,25.0,896.0,0.0,130.0,31301.25,4.0,4.1,0.72,6.7,4.0,4547.0,LAKE,0
3.8952652620792976,0.7941915175811153,-0.948934774625853,-0.8588599489033829,-0.4261037045319487,-0.0898373814631468,10678.0,25.0,30.0,25.0,1555.0,0.0,400.0,31301.25,4.0,0.3,1.8,6.5,5.23,3644.0,LAKE,0
2.423231900415989,0.6835916182106936,-1.374984113870251,-0.5511983056292096,-0.5150357551757975,-0.4115350659346844,4700.0,25.0,31.0,25.0,1006.0,0.0,230.0,31301.25,3.2,2.6,1.4,6.5,3.0,3626.0,LAKE,0
1.8367338444855883,0.56942873113798,-1.5577489959263882,-0.7802570801191878,-0.7820286863010049,0.8444242420371175,4900.0,25.0,9.0,25.0,624.0,0.0,210.0,31301.25,4.0,4.2,1.3,6.6,9.8,4523.0,LAKE,0
2.917996070495979,0.6624208006977936,-1.1531948624793211,-0.4301277653127495,-0.2718939083143543,-1.318719172773074,4900.0,25.0,35.8,25.0,1006.0,0.0,230.0,31301.25,4.0,0.5,0.92,6.5,3.0,3646.0,LAKE,0
2.2277156675266485,1.5763019538142125,-1.1889861141382936,-0.6346996238392599,-0.4480079861328738,-0.028378325217353,10678.0,24.0,19.0,25.0,774.0,1.0,230.0,31301.25,3.0,2.2,1.0,6.6,3.9,4509.0,LAKE,0
-0.7066057982601354,-0.3761716054529045,-1.57661898631816,-0.1528295013064818,-0.4810105363754271,-0.325269489171293,141.0,23.0,4.4,26.0,1130.0,3.0,58.0,280.0,3.6,6.3,0.98,6.6,1.32,3685.0,LAKE,0
-0.9530358685965424,-0.304792948712268,-2.0368346191780096,0.026919168325407,0.439505367734146,-0.1660765342185943,150.0,24.0,4.1,25.0,842.0,1.0,58.0,278.0,3.4,6.2,0.65,7.1,1.08,3687.0,LAKE,0
3.649275725910087,0.3914052151539792,-0.7585968957749746,-0.9071066633454148,-0.1832952220907684,-0.1455132598248311,10678.0,24.0,26.0,25.0,1910.0,1.0,230.0,31301.25,4.0,0.3,1.4,6.7,8.6,3620.0,LAKE,0
3.118915314930191,1.207154821877751,-1.167475856494829,-0.8251446491516528,-0.5475921768715707,0.7637811979660579,10678.0,25.0,9.0,25.0,1318.0,0.0,480.0,31301.25,4.0,2.3,0.95,6.6,13.0,4524.0,LAKE,0
1.9102337381416303,1.4031741775720756,-1.588391520769879,-0.3975159693466503,-0.6110806625867109,0.1042869927215036,8400.0,25.0,12.0,25.0,1132.0,0.0,230.0,31301.25,3.0,3.1,1.0,6.5,3.68,3614.0,LAKE,0
2.45857955163115,1.443683825003883,-1.131099865889062,-0.6836850517155859,-0.4024163134540766,-0.4315833733395299,10678.0,24.0,23.0,25.0,751.0,1.0,170.0,31301.25,4.0,2.0,1.1,6.5,2.2,3624.0,LAKE,0
3.646441287509996,0.8517183678546603,-1.019372943534668,-0.8327565693580024,-0.13346619271948,-0.0404918350333134,10678.0,25.0,34.0,25.0,1521.0,0.0,340.0,31301.25,4.0,2.0,1.7,6.6,5.05,4510.0,LAKE,0
2.1420724508718534,0.7665614873684196,-1.473640697187259,-0.554951200799825,-0.6935436203498822,-0.0518129164929416,6300.0,25.0,14.0,25.0,812.0,0.0,170.0,31301.25,4.0,1.6,1.39,6.5,3.19,4514.0,LAKE,0
1.5929121378901343,1.1242534904954984,-1.5961136590548128,-0.5302214388961882,0.1039367512275642,0.7698695777593338,7000.0,25.0,9.0,25.0,686.0,0.0,270.0,31301.25,4.0,3.8,1.4,6.9,2.6,4504.0,LAKE,0
-1.819725501062576,0.2781323591349112,-0.6613850513553434,0.2366905704807949,0.5033169813672087,-0.0352517869110848,330.0,21.0,2.5,28.0,480.0,7.0,130.0,1700.0,2.0,5.8,0.3,7.3,0.3,3674.0,LAKE,0
3.210210128297647,0.572513880419971,-1.2131942575750696,-0.568420447371006,0.0877778621308065,-0.059924209446214,10678.0,25.0,22.0,25.0,2480.0,0.0,170.0,31301.25,4.0,2.8,1.18,6.7,7.2,4525.0,LAKE,0
3.9176046503402273,1.0783880623437911,-0.8716820158006128,-0.7985472368014702,-0.3647382042386656,-0.5176690320403787,10678.0,25.0,35.8,25.0,1123.0,0.0,410.0,31301.25,4.0,0.5,1.2,6.5,7.4,4527.0,LAKE,0
-0.7156319372346841,0.8498281835511635,1.03586030869165,-0.2681752514386936,1.5095032855644677,0.833422951296543,1700.0,18.0,6.4,30.0,1017.0,12.0,766.0,7900.0,2.5,5.3,0.56,7.7,3.8,3587.0,LAKE,0
2.4414209081200124,1.112346676737794,-1.3816264113153327,-0.702558530776321,-0.8651105171298633,0.767485272097404,10678.0,25.0,9.0,25.0,980.0,0.0,210.0,31301.25,3.0,2.8,0.92,6.6,12.0,3622.0,LAKE,0
-0.660948338860623,-0.504473115436594,-1.657834905733408,-0.1566975052140159,0.8941666750633082,-0.2309844504135075,350.0,23.0,5.3,25.0,1037.0,2.0,112.0,630.0,3.9,5.1,0.7,7.3,1.36,3688.0,LAKE,0
3.5840558569903957,1.180451148945809,-0.9739978036096806,-0.653915434723478,-0.2976160792739323,-0.7982968794688826,10678.0,25.0,35.8,25.0,978.0,0.0,310.0,31301.25,4.0,0.3,1.18,6.5,4.0,4533.0,LAKE,0
3.2597514123660676,2.0701384002544336,-1.0323210220410035,-0.6300468071950298,-0.2783110118521749,-0.3928323906536784,10678.0,25.0,26.0,25.0,384.0,0.0,630.0,31301.25,4.0,0.5,0.9,6.5,4.0,3593.0,LAKE,0
2.3269912333185245,1.7929056890178428,-1.1808647197913782,-0.3225467539792115,1.0934354760190417,0.1241255780747148,10678.0,25.0,17.4,25.0,391.0,0.0,460.0,31301.25,4.0,0.6,0.8,7.3,1.2,1388.0,LAKE,0
-1.0660648528556065,-0.5249815043470517,-1.785087874670765,0.1149196552616234,0.7165171436325257,0.3742759704718376,186.0,24.0,3.8,26.0,1037.0,2.0,52.0,350.0,3.3,7.1,0.95,7.3,1.22,3690.0,LAKE,0
3.3606410579277752,1.5695861002727212,-1.031194431302342,-0.5525388460237736,-0.6511106279685318,-1.2804557953252154,10678.0,25.0,35.8,25.0,509.0,0.0,270.0,31301.25,4.0,0.3,0.65,6.3,4.6,3640.0,LAKE,0
4.964208536953461,0.8533762603933687,-0.5502163834081405,-1.2147187115704807,-0.5182767977814876,0.2919434099061518,10678.0,25.0,35.8,25.0,1517.0,0.0,766.0,31301.25,4.0,0.3,1.5,6.5,14.855000000000002,3608.0,LAKE,0
3.168972117913899,0.9878848698350868,-1.1677207783927888,-0.3080735992522658,-0.2385332042843772,-1.2702109277986764,10678.0,25.0,35.8,25.0,1940.0,0.0,49.0,31301.25,3.0,1.9,0.41,6.5,6.53,3632.0,LAKE,0
4.030985496499197,0.6094028750290044,-0.9060802314456248,-0.8305835338032802,-0.3549257683048575,-0.39901103630461,10678.0,25.0,35.8,25.0,1697.0,0.0,310.0,31301.25,4.0,0.3,1.75,6.5,5.1,3603.0,LAKE,0
2.268477792367224,0.0415087982037416,-1.4512967484156851,-0.4960128618021643,-0.5166330565979788,-0.4923769923141965,2200.0,25.0,22.0,25.0,1542.0,0.0,140.0,31301.25,4.0,2.4,1.27,6.5,5.0,4522.0,LAKE,-1
2.1432141281347623,1.2023524283794147,-1.544717298917876,-0.3082423166981336,-0.4082832175640121,-0.1072359870742389,7000.0,25.0,12.0,25.0,1994.0,0.0,310.0,31301.25,3.0,3.9,0.52,6.5,7.6,3638.0,LAKE,0
0.9785674273258091,-2.262656718745028,0.2762628026683542,-0.3780924559964156,1.308576070566567,2.664833935448201,1840.0,22.0,7.5,29.0,2924.0,7.0,430.0,3200.0,1.0,3.3,2.3000000000000003,8.2,14.855000000000002,3682.0,POND,0
-0.720611587137133,0.1195838898432758,-0.6955511212370016,-0.2267743915761146,1.0094981928716775,-0.5884127330748931,680.0,20.0,5.6,26.0,1680.0,6.0,320.0,4000.0,2.6,4.0,0.3,7.3,0.6,3670.0,TANK,0
-0.1178922897871698,-0.5583788071627672,0.4612186658496049,0.4793064293005968,0.8692098174848504,-1.1686280613448607,680.0,21.0,16.0,30.0,1510.0,9.0,110.0,4900.0,3.6,1.9,0.3,7.3,1.3,3673.0,TANK,0
-1.7573291857502742,0.333692961835376,-1.2220475417376082,-0.1175246729560024,0.6291779493817382,-0.0679609512513951,400.0,21.0,2.7,26.0,410.0,5.0,94.0,3500.0,2.3,6.3,0.3,7.3,0.3,3675.0,TANK,0
-1.9481230956464848,0.0808004822838181,-1.1813722057312737,-0.0291992785274021,1.2444810949970109,0.1713462997756044,220.0,21.0,2.6,26.0,370.0,5.0,94.0,1400.0,2.0,5.8,0.3,7.7,0.3,3664.0,TANK,0
2.2043284177483486,1.3186615864307496,-1.4830822484719604,-0.4601356733572432,-0.2160875086272027,0.0576580113281187,9400.0,25.0,13.0,25.0,1273.0,0.0,230.0,31301.25,4.0,3.2,1.0,6.6,3.86,3619.0,TANK,0
1.7784522748692084,0.8633463148178476,-0.0993000782767823,0.3384462807959443,-1.310544678739843,0.5977743629673742,6300.0,25.0,5.2,30.0,980.0,5.0,240.0,31301.25,2.0,1.9,0.3,6.6,14.855000000000002,3693.0,TANK,0
2.870763692408147,1.7100395320826691,-1.198621982892816,-0.4284774501882433,-0.2067236358352927,-0.8382266088711829,10678.0,25.0,27.0,25.0,798.0,0.0,310.0,31301.25,4.0,1.2,0.72,6.5,2.5,3595.0,TANK,0
1.83310447050979,2.108790812262984,-1.6616093614719023,-0.4034529891331337,-1.2962613032571173,-0.3221524056482546,10678.0,25.0,14.0,25.0,484.0,0.0,170.0,31301.25,3.0,3.3,0.8,6.1,2.0,3606.0,TANK,0
2.1758513811437896,1.8029723212005029,-1.4382341951151545,-0.4544774760411209,-0.5971853290095765,-0.1754767254165992,10678.0,25.0,21.0,25.0,472.0,0.0,210.0,31301.25,3.0,2.9,0.74,6.5,4.4,3634.0,TANK,0
4.009806798022761,1.8829382796604603,-0.784728029508513,-0.6725496205749866,0.1537774370820267,-0.6115914077600706,10678.0,25.0,35.8,25.0,1015.0,0.0,766.0,31301.25,4.0,0.3,0.86,6.6,5.7,3641.0,TANK,0
1.253385594398569,2.225526923493367,-1.766556096675413,-0.2229325345419252,-0.4483369149163336,0.089342667253213,8400.0,25.0,7.0,25.0,626.0,0.0,340.0,31301.25,3.0,4.4,0.51,6.5,2.0,3653.0,TANK,0
-1.8368399768368169,0.3150382954250303,-1.4725321927561994,-0.0897135103495206,1.3099977397289,-0.1329560137109941,320.0,21.0,2.5,25.0,730.0,4.0,140.0,2200.0,2.0,6.2,0.02,7.6,0.3,3666.0,TANK,0
2.1338195084904674,1.0365100811243553,-1.3939728021660451,-0.2796235768011071,-0.1822559426866802,-0.6372511188762531,7900.0,25.0,15.0,25.0,826.0,0.0,110.0,31301.25,4.0,0.5,0.69,6.7,3.0,4518.0,TANK,0
0.4288466767395714,-1.5417905962126048,1.2706311247423938,1.4078580215670178,1.794666908066731,-0.2276872538515466,1356.0,24.0,30.0,34.0,1438.0,10.0,2.0,3500.0,3.0,2.4,0.3,8.1,8.56,3561.0,TANK,0
-1.7255829242722334,0.3812825231901348,-0.8948901875623033,0.0739231779085937,0.7660652537362855,0.0571596335002126,320.0,21.0,2.5,27.0,480.0,6.0,210.0,2200.0,2.0,5.8,0.3,7.4,0.3,3671.0,TANK,0
1.1734396075068856,-1.344029960457578,-0.6902944387099503,-0.4437065046091511,1.997779840269353,-1.0953730081913633,542.0,23.0,35.8,26.0,1119.0,3.0,161.0,920.0,7.05,4.4,1.12,7.5,1.68,3683.0,TANK,0
3.0448288930000693,0.8573224141178145,-1.1395443651200812,-0.4422879632290351,-0.4829593545024014,-1.057844829004153,7900.0,25.0,35.8,25.0,1131.0,0.0,170.0,31301.25,3.0,0.5,0.9,6.5,4.59,3598.0,TANK,0
1.544942031808837,0.7099176469281625,-1.7418453114079475,-0.4282649145802604,-0.5393672319647886,0.1890795199112737,4800.0,25.0,7.0,25.0,1463.0,0.0,130.0,31301.25,4.0,4.3,1.17,6.5,4.0,3642.0,TANK,0
-1.802076984292452,0.2449241331059806,-0.573787248440115,0.3825362640102446,1.1119554387676756,-0.1626507396773697,340.0,21.0,3.0,28.0,580.0,7.0,140.0,2400.0,2.0,5.0,0.02,7.6,0.3,3663.0,TANK,0
-0.0359518638793362,-1.071051301224669,0.3393179026543419,0.7355888041153075,0.7318913794576075,-1.2638764983890125,340.0,21.0,8.0,30.0,3294.5,9.0,93.0,2200.0,2.5,1.5,0.3,7.2,1.8,3657.0,TANK,0
-1.0069631100234069,0.236708228353379,-0.5295824304640585,0.3098722338664592,1.6519700011501544,0.6617201624208716,1100.0,22.0,4.0,28.0,912.0,6.0,380.0,6300.0,2.0,5.0,0.32,7.9,3.3,3588.0,TANK,0
2.629331681058446,1.5976898449227537,-1.2981039642622978,-0.6546332909460656,-0.5909752365408584,0.1444079893639444,10678.0,25.0,15.0,25.0,647.0,0.0,340.0,31301.25,4.0,2.5,0.8,6.5,8.0,3591.0,TANK,0
-0.9912819133544514,-0.5881864999806139,0.1098271146919271,0.3337265656199745,1.3700095552330778,-0.4554079383523836,400.0,20.0,5.1,29.0,2100.0,9.0,93.0,3500.0,2.8,4.0,0.3,7.6,1.3,3661.0,TANK,0
-2.138868691537242,0.1216148035119204,0.4171690886090003,0.9051380409527462,0.6973167161696594,0.2772721142077209,220.0,21.0,2.4,32.0,530.0,11.0,94.0,1400.0,2.0,6.2,0.3,7.5,0.3,3662.0,TANK,0
3.18916544979064,1.534333593730796,-1.0998109156190816,-0.3660522018810799,-0.3112623342064365,-1.0406950454557888,10678.0,25.0,32.0,25.0,1197.0,0.0,310.0,31301.25,3.0,0.3,0.63,6.5,4.0,4517.0,TANK,0
1.6485468878460978,0.77638273326637,-1.535959879735784,-0.5853125658649961,-0.163752231813691,0.7190206297792325,6300.0,25.0,8.0,25.0,515.0,0.0,170.0,31301.25,4.0,3.5,1.02,6.9,8.0,3590.0,TANK,0
-2.071697894545988,0.1180404354424108,0.4409623020279854,0.9028787838623424,0.701793500390344,0.2391618204131692,260.0,21.0,3.0,32.0,540.0,11.0,98.0,1700.0,2.0,6.0,0.3,7.5,0.3,3665.0,TANK,0
1.2808876898604569,2.391107675545311,-1.761710454925744,-0.1978806561097483,-0.4441918011015668,-0.0093153787640981,10678.0,25.0,8.0,25.0,555.0,0.0,230.0,31301.25,3.0,4.5,0.37,6.5,2.0,4503.0,TANK,0
3.2612061283364953,0.7442959807421323,-1.0665521997511864,-0.702077231982943,0.3498342542336206,0.0318055198026841,10678.0,25.0,32.0,25.0,1400.0,0.0,230.0,31301.25,4.0,2.2,1.44,6.9,5.37,3589.0,TANK,0
0.4963090214244725,0.6325000121472889,-0.1866280584236159,0.2229717878768353,0.7423250430154171,-0.6889674381472567,3300.0,22.0,9.4,28.0,1230.0,6.0,400.0,14000.0,3.1,1.0,0.3,7.2,0.9,3659.0,TANK,0
2.5055548460616595,0.6224694540639198,1.5445372324324,1.016423992424751,0.3890685546082036,0.7174493238196306,10678.0,25.0,24.0,35.0,2280.0,10.0,170.0,31301.25,4.0,5.8,0.3,7.1,14.855000000000002,4092.0,TANK,0
1.8204721547794227,1.111279807566365,-0.046964278412022,0.0288745109239705,1.4310586036427315,0.3934543386183141,10678.0,24.0,28.0,29.0,1270.0,5.0,79.0,31301.25,4.8,7.2,0.32,7.4,8.4,3697.0,TANK,0
2.013957817627993,0.8359712445409777,1.739633715047498,1.5659009834689133,1.4452985030085437,0.4187656155378501,10678.0,25.0,24.0,36.0,2540.0,11.0,170.0,31301.25,4.0,5.0,0.3,7.5,6.84,3560.0,TANK,0
3.851548738664246,0.9624187130039914,-0.9029834066082828,-0.5787458971808312,0.0227792392885648,-0.899573715477279,10678.0,25.0,35.8,25.0,1728.0,0.0,330.0,31301.25,4.0,0.5,0.9,6.6,6.5,3650.0,TANK,0
1.4090126800086846,2.1694610531392695,-1.709914337874518,-0.2699334231728032,-0.4864868090657484,-0.0591258045638929,10678.0,25.0,9.0,25.0,433.0,0.0,170.0,31301.25,3.4,4.0,0.5,6.5,2.1,3648.0,TANK,0
3.9061933771601103,1.937961672911512,-1.046202710802464,-0.640963149750312,-1.379618876599514,-1.0486950202172152,10678.0,25.0,23.0,25.0,1576.0,0.0,630.0,31301.25,4.0,0.3,0.69,5.800000000000001,7.0,3596.0,TANK,0
-1.7449868765280567,0.0755262402130536,-1.964819747983504,0.3661139761683409,0.3941980375032329,0.0406076510685853,30.0,24.0,2.7,26.0,448.0,2.0,6.0,80.0,2.2,7.3,0.35,7.2,0.56,3686.0,TANK,0
-1.8396428510301344,0.1605494736595502,-0.4285386570303603,0.0974150495158301,0.4777916709419718,-0.1892796290684312,320.0,20.0,2.5,28.0,570.0,8.0,93.0,1700.0,2.0,5.2,0.3,7.3,0.3,3669.0,TANK,0
-1.0175186422404716,-0.1745377396767891,-1.437175868772586,0.8260746932816635,-0.7603022590467515,0.0951766293368069,84.0,26.0,3.0,29.0,227.0,3.0,11.0,460.0,3.0,6.4,0.68,6.7,3.03,3565.0,TANK,0
3.8744980787962104,0.308959758134024,-0.7471876319997525,-0.878512738347068,0.125749189282066,0.0729410574760824,9400.0,25.0,32.0,25.0,1073.0,0.0,330.0,31301.25,4.0,0.3,0.92,7.0,14.855000000000002,4502.0,TANK,0
3.020245418967491,1.0208494085624165,-1.2244771078680652,-0.40713289073331,-0.5408473961748064,-0.5859703616973174,10678.0,25.0,22.0,25.0,1699.0,0.0,170.0,31301.25,3.0,0.3,0.95,6.5,5.0,4513.0,TANK,0
-1.9419510832449112,0.2369869258649717,-0.6573038927174744,0.2718315820698957,0.8249491208951951,0.1592436955258789,260.0,21.0,2.4,28.0,460.0,7.0,140.0,1600.0,1.8,5.9,0.3,7.5,0.3,3676.0,TANK,0
-1.6833739179818112,0.0482100349889338,-0.8446804295670255,0.8659564588588177,-0.4706603347497673,0.1171475118038653,22.0,24.0,2.6,30.0,301.0,6.0,4.0,35.0,2.1,7.1,0.32,6.9,3.22,4498.0,TANK,0
-1.7611933496363137,0.5294242420917619,-1.4110515697252672,0.1835214635331934,1.1142209812302577,-0.0170971719708748,330.0,22.0,2.6,26.0,560.0,4.0,220.0,2200.0,2.0,6.5,0.02,7.5,0.3,3672.0,TANK,0
0.8192662169070055,0.9079489955573496,-1.895363776819165,-0.3468826972361214,-0.504846315698951,0.5575988078135768,4600.0,25.0,6.0,25.0,721.0,0.0,49.0,31301.25,3.0,4.7,1.18,6.7,2.77,3594.0,TANK,0
-1.3243508387035026,0.0023423250130974,-0.4945449348178942,0.2463897209239595,1.0749094471955811,-0.1034542448809282,470.0,21.0,4.1,28.0,1130.0,7.0,170.0,3500.0,2.5,5.2,0.3,7.5,0.9,3667.0,TANK,0
-1.093324413566192,-0.1966657008179071,-1.7309744262790774,0.8190429437323817,-0.5184713074682786,0.263876201934055,170.0,26.0,3.0,28.0,710.0,2.0,13.0,900.0,1.6,6.8,0.36,6.9,5.8,3694.0,TANK,0
1.2102179004374478,1.1733194369283346,-0.0805361393627771,0.9154793327647316,0.3569350999371394,0.0611168771919547,7000.0,25.0,15.0,31.0,2250.0,6.0,140.0,31301.25,3.0,6.0,0.3,6.9,4.2,3677.0,TANK,0
-0.4938139054560447,-0.2483494476506997,0.6258384276769646,0.6833553064975195,0.65117525653444,-0.7445017994288841,780.0,21.0,8.0,31.0,1350.0,10.0,200.0,4900.0,3.0,1.8,0.3,7.3,1.1,3668.0,TANK,0
-0.1667691692500875,-0.971680947635406,-1.2826182702664064,-0.2270308296784086,0.6342486744232115,-0.3238220071094247,220.0,23.0,8.1,26.0,1302.0,3.0,63.0,450.0,5.1,5.1,1.08,7.1,1.9,3689.0,TANK,0
-1.8325314729170448,0.0303505228421933,-1.3321926304616412,1.0183049334653558,0.1229375928726778,0.4531554449241952,47.0,25.0,3.0,29.0,318.0,4.0,13.0,350.0,1.0,6.8,0.3,7.3,2.6,3691.0,TANK,0
1.5943744747057862,1.357694622667701,-1.5182663623990136,-0.3931767328125738,0.1476149463815239,0.2319257325884479,6300.0,25.0,11.0,25.0,382.0,0.0,310.0,31301.25,4.0,3.2,0.67,6.9,5.0,3592.0,TANK,0
2.826525821227266,0.9698234102611144,-0.9633740029646702,-0.949852530211875,-0.4197642478439278,0.3383505361192288,10678.0,24.0,19.0,25.0,780.0,1.0,230.0,31301.25,4.0,2.0,1.1,6.7,10.0,3630.0,TANK,0
0.7727892474540718,1.2321923561126908,-1.6970644236527024,0.7897175901208884,-1.3639666120534442,-1.1115083053887032,10678.0,27.0,13.8,27.0,56.0,0.0,100.0,400.0,1.6,0.8,0.3,6.3,0.3,5180.0,LAKE,0
0.845123826871675,1.3897638496516191,-1.399164718739421,0.5359814574407328,-0.2927364505618332,-0.7589219570443286,2700.0,26.0,7.2,27.0,520.0,1.0,766.0,6300.0,3.6,2.2,0.3,6.5,0.3,1383.0,LAKE,0
-0.484415215125192,-0.0948692881799022,-1.0823441284807769,1.802060971715878,-0.9611498542241198,-0.7458663901620597,1200.0,27.0,2.7,31.0,2151.0,4.0,2.0,3300.0,1.1,4.0,0.3,6.5,0.3,1579.0,LAKE,0
0.3136936505020204,-1.3509688628058,-0.5149989825782836,0.0934631555463745,-1.053603526047165,-0.3176233811452634,220.0,22.0,3.6,28.0,3294.5,6.0,81.0,810.0,1.0,4.2,0.3,6.6,14.855000000000002,5200.0,LAKE,0
1.8385263430996563,-1.6572258985144614,-0.1112833523867262,0.4861276729208216,-0.6602589514178775,-1.1241488748640576,530.0,24.0,22.0,29.0,3294.5,5.0,210.0,1560.0,1.6,0.8,0.3,6.7,14.855000000000002,5198.0,LAKE,0
2.6693444282185133,-2.4816088960594875,0.3005205186030593,-0.0847788943123714,1.71082660269885,-1.3830623502495514,1200.0,23.0,24.0,28.0,3294.5,5.0,170.0,3200.0,7.05,0.4,0.3,7.5,14.855000000000002,5199.0,LAKE,0
0.7324579154065681,-1.5482140640103483,-0.3345351886177834,-0.5465003213872471,0.0901646940986427,-0.5937934094677049,350.0,20.0,18.0,26.0,3294.5,6.0,140.0,1700.0,1.0,3.4,0.3,7.1,14.855000000000002,5201.0,LAKE,0
0.917007969133258,-1.2674958707527733,-0.5918601895029805,0.1400786719432515,-1.1755115616948677,-0.6526801755874219,680.0,23.0,9.0,28.0,3294.5,5.0,130.0,1500.0,1.8,4.1,0.3,6.4,14.855000000000002,1441.0,LAKE,0
0.0193783624221107,-0.9585991391578708,-1.0851687051559091,2.091937177461456,0.4507818743377427,-0.7353445300747723,800.0,28.0,3.9,31.0,3294.5,3.0,2.0,1500.0,2.0,3.3,0.3,7.1,0.68,1578.0,LAKE,0
-0.6076963738373296,0.6483605617377258,-0.3049305936422598,0.3461092763707499,-0.1892707634589028,0.1094240381858736,4900.0,22.0,3.9,29.0,790.0,7.0,310.0,1500.0,1.4,3.7,0.51,7.0,2.61,5182.0,LAKE,0
0.3824336987599324,1.7032735035555582,0.0881156651531139,0.2680075651101356,0.5173277300284466,0.6136366265436004,10678.0,22.0,4.5,29.0,790.0,7.0,766.0,1500.0,1.0,1.8,0.51,7.3,2.61,5183.0,LAKE,0
0.1204000958231202,1.8294110939994204,-0.0179209449219919,0.2607061457961019,0.5466382911112512,0.848936317662555,10678.0,22.0,2.4,29.0,790.0,7.0,766.0,1500.0,1.0,3.1,0.51,7.3,2.61,5184.0,LAKE,0
-0.2714527435698636,0.778892653335633,-0.2288760307047453,0.2898491033071589,-0.2150398776462137,0.0536292898823313,10678.0,22.0,4.4,29.0,790.0,7.0,49.0,1500.0,1.8,3.3,0.51,7.0,2.61,5185.0,LAKE,0
1.3670913520104375,1.0233946936664795,-0.5843570069129472,1.3917334695876398,0.1174558553994015,-0.3374868990002593,10000.0,26.0,2.5,30.0,3294.5,4.0,170.0,22000.0,1.0,1.2,0.3,6.9,0.61,1577.0,LAKE,0
-2.128604377156503,0.5389978138749244,-0.2909389750107744,0.8312468016630142,-1.3600088698509594,-0.3265876625633054,63.0,22.0,1.8,31.0,69.0,9.0,4.0,140.0,1.0,6.1,0.3,6.5,0.3,5230.0,LAKE,0
-1.0601823739611338,0.0120046768535725,-1.234889765094623,1.742264916354744,-0.998731802368641,-0.501091966602073,100.0,27.0,3.0,31.0,1516.0,4.0,2.0,540.0,1.3,5.9,0.3,6.5,0.3,2312.0,LAKE,0
0.6152297635435328,-1.0216136912993532,-1.3502597929663285,-0.1683966865873994,-1.7317956228829183,-0.5903584949130645,300.0,23.0,2.6,26.0,3294.5,3.0,130.0,1020.0,1.4,5.1,0.3,6.1,14.855000000000002,1574.0,LAKE,0
-2.0250209044455967,0.4677097489039731,-2.382394167289277,0.2450943762887484,-0.3846392111111933,-0.0154988676876237,2.0,24.0,1.0,25.0,47.0,1.0,2.0,2.0,1.0,7.2,0.3,6.9,0.3,1576.0,LAKE,0
-2.3067431226607544,0.6224206241633949,-0.3589974812484665,0.821555661113439,-1.3420906489123812,-0.180889607938748,24.0,22.0,1.0,31.0,29.0,9.0,2.0,48.0,1.0,7.0,0.3,6.5,0.3,1580.0,LAKE,0
-1.8090101427781375,0.624947470384843,-1.6157832503058915,-0.0128994602760724,-0.9266363101759908,-0.2395742021904982,170.0,22.0,1.8,26.0,220.0,4.0,100.0,680.0,1.0,6.7,0.3,6.6,1.6,1385.0,LAKE,0
1.7181615867547702,2.0147854926556423,0.3599338807019996,-0.2476014272816176,-0.8051404264697806,-0.8617528044381538,10678.0,22.0,15.0,29.0,5.0,7.0,766.0,5800.0,4.9,1.4,0.51,6.2,2.61,5179.0,LAKE,0
-0.1971347672214485,1.6361097154528323,-1.860958262775555,0.5850458433722727,-1.5329206524754868,-0.6129255337364812,1800.0,26.0,5.8,27.0,200.0,1.0,600.0,2500.0,1.9,5.2,0.3,6.0,0.3,3470.0,LAKE,0
-0.5498384132855885,-0.5244857869130563,-0.2660917572676734,0.4390905850541038,-0.7936302520317348,-0.918698246759386,1000.0,22.0,5.3,29.0,790.0,7.0,2.0,300.0,1.9,0.5,0.51,6.8,2.61,5190.0,LAKE,0
2.3597793668388567,2.4183824657228254,-0.5735456390540943,1.2676852396081086,0.3835508566125142,0.1220283978126465,10678.0,27.0,3.8,30.0,3294.5,3.0,766.0,31301.25,2.0,2.8,0.3,6.7,0.58,1575.0,LAKE,0
-0.9337784934247796,0.2100528613603932,-1.0086489926670517,0.8321650534521821,-2.5146886953591188,-0.3231136792471974,600.0,25.0,2.4,30.0,220.0,5.0,2.0,1000.0,1.0,5.3,0.3,6.0,7.3,5170.0,POND,0
-1.2625285852283343,0.4765518344121215,-1.5071977328738388,1.453241112322727,-1.4809153878807106,-0.373856406575186,350.0,27.0,3.5,30.0,179.0,3.0,40.0,700.0,1.0,5.3,0.3,6.4,0.6,5165.0,POND,0
-1.849337188139532,0.6366109734842734,-1.4411382238629642,1.3040191587686598,-1.092712992315743,0.0608423668888684,630.0,26.0,1.4,30.0,64.0,4.0,10.0,790.0,1.0,7.3,0.3,6.6,0.3,3462.0,POND,0
0.3782005181851568,1.7915495159713983,-1.5277850269578448,0.5803591295445919,-0.1417457307249043,-0.1242884255594139,3700.0,26.0,5.4,27.0,300.0,1.0,766.0,8400.0,2.4,3.5,0.3,6.7,0.3,2325.0,POND,0
-1.0869108576088111,1.4552626801764943,-1.4939099569582803,1.336249143074837,-1.1429362256094433,0.2939156066105948,5400.0,27.0,2.3,30.0,96.0,3.0,94.0,6300.0,1.0,7.2,0.3,6.5,0.3,5212.0,POND,0
-1.4522503060533898,0.2098106080087701,-1.752442466357572,1.3845514294285757,-0.5671824902829526,-0.0740305177993374,170.0,27.0,2.8,29.0,238.0,2.0,4.0,680.0,1.0,5.3,0.3,6.9,0.37,5164.0,POND,0
-1.3565689374317826,0.7934253373063243,-0.5334899754941825,2.008454541527513,-2.640215730768836,-0.5822903849548143,400.0,27.0,4.0,34.0,185.0,7.0,40.0,700.0,1.0,6.2,0.3,5.800000000000001,0.3,5166.0,POND,0
-0.3758866755449808,-0.0200346936814577,-1.4770578937587084,2.1840516061910837,1.9844532647312847,1.3911705000442909,540.0,31.0,5.35,31.0,290.0,0.0,540.0,540.0,2.2,4.4,0.51,8.2,2.61,1401.0,POND,0
-1.5468183566158744,-0.28602097505531,1.3390273163571724,0.8714175677321229,-0.2368352764879958,-0.0866447338545892,356.0,20.0,5.35,34.0,754.0,14.0,45.0,1500.0,2.2,4.4,0.51,7.1,2.61,4557.0,POND,0
-1.0356051429274928,-0.2672629968442309,-0.4468799230369876,2.252869701308315,-0.6479185618484502,0.3894993262887326,356.0,28.0,1.0,34.0,906.0,6.0,45.0,1500.0,1.0,4.4,0.51,7.0,2.61,4568.0,POND,0
-2.0254121796351474,-0.04223138207577,-2.0662640511809633,-1.1743532707422766,0.0163673712906622,0.1610040873630993,2.0,19.0,1.3,22.0,613.0,3.0,2.0,63.0,1.0,6.8,0.84,7.1,1.08,2132.0,LAKE,0
-1.911374495114708,-0.0276329520848495,-0.8542329642060653,-0.7217757259193185,0.266022786112773,-0.45155576678985,12.0,18.0,4.2,25.0,642.0,7.0,2.0,920.0,1.6,5.4,0.21,7.2,2.6,4615.0,LAKE,0
-2.520950151510377,0.1859562102316154,0.4453371164579612,0.6853794328964082,-0.3431443146503715,0.2825700542789537,2.0,20.0,1.4,32.0,298.0,12.0,2.0,48.0,1.0,6.7,0.45,7.1,0.89,2135.0,LAKE,0
-1.4404330406285073,-1.3751303508176431,1.6581202639781538,-0.8717861041994087,-1.3647760295602878,1.6531934855075772,120.0,16.0,4.2,32.0,544.0,16.0,2.0,430.0,1.0,4.9,2.3000000000000003,7.0,8.29,2141.0,LAKE,0
-1.3507609105715943,-0.47380895460906,-0.1881006366495555,0.9589097485790846,0.0918011945650844,0.0244033650943598,4.0,23.0,6.8,31.0,1165.0,8.0,2.0,120.0,1.7,5.8,0.41,7.2,3.53,4622.0,LAKE,0
-0.826665382454507,-1.4962932143010883,1.5844004743621902,-1.1235938887824737,-1.4348576978409908,1.1972654969007344,350.0,16.0,7.4,31.0,419.0,15.0,8.0,1600.0,1.8,3.2,2.3000000000000003,6.9,8.71,1374.0,LAKE,0
-2.2152481706345615,-0.1086823335705444,-0.0221990984746587,0.3881460020420931,0.2698289520253905,0.2250428271202464,6.0,20.0,2.7,30.0,830.0,10.0,2.0,64.0,1.4,6.8,0.48,7.3,1.2,2130.0,LAKE,0
-1.6264441337781002,-0.459424637684937,-1.975878461938209,-0.9145763864916155,0.9809843866578072,0.0942341457302816,2.0,20.0,6.0,22.0,402.0,2.0,2.0,110.0,1.0,4.2,0.64,7.7,2.15,2134.0,LAKE,0
0.163626123995064,-1.9112482331144784,1.381388435575264,-1.0432137017715073,-1.729789958368413,1.4093699361290415,1600.0,18.0,11.6,31.0,883.0,13.0,6.0,1600.0,1.8,3.3,2.3000000000000003,6.8,14.855000000000002,2136.0,LAKE,0
-1.8248731120998047,-0.1388341899128543,-2.239332497847568,-1.037401309993837,-0.0098040371082544,0.1942474858441022,2.0,20.0,1.9,22.0,640.0,2.0,2.0,70.0,1.0,6.5,0.9,7.1,1.26,2133.0,LAKE,0
-1.9323445975858529,-0.22885227544887,-0.7757635176980925,-0.7357947198845738,1.074342635018931,-0.1668972113723686,21.0,18.0,3.9,25.0,598.0,7.0,2.0,1600.0,2.3,5.5,0.27,7.6,2.4,4614.0,LAKE,0
-1.9121249786691592,-1.0405003715471648,1.7847366727771927,-0.8220794345700493,-1.0345637451846703,1.3522205512227106,27.0,15.0,2.8,32.0,387.0,17.0,4.0,430.0,1.0,4.7,2.06,7.1,5.17,1373.0,LAKE,0
-2.342750763461628,-0.0576432519818495,1.4699913263122886,-0.0600173140201576,-0.7124082771146845,-0.0770205749786274,33.0,16.0,2.5,32.0,341.0,16.0,2.0,350.0,1.0,4.9,0.32,7.0,4.85,2139.0,LAKE,0
-2.419024931994825,-0.131184779552185,1.7457913762711332,0.0819590474393063,-0.5817323862659743,0.117538348504979,26.0,16.0,2.8,33.0,337.0,17.0,4.0,280.0,1.0,5.0,0.46,7.1,4.27,2138.0,LAKE,0
-2.091704867643427,-0.4344581503436208,1.00758828077106,-0.268293080528263,-0.6516464909652347,0.5468083564813953,33.0,17.0,2.8,31.0,355.0,14.0,2.0,350.0,1.0,5.0,1.07,7.1,3.85,2137.0,LAKE,0
-1.8618127856430295,-0.3741149198268103,-2.1989507827539896,-1.0680522638495342,0.464334216783166,0.5893218566773978,2.0,20.0,1.6,22.0,686.0,2.0,2.0,63.0,1.0,6.6,1.07,7.4,1.62,2131.0,LAKE,0
-1.9695339772043392,-0.3832967730081834,-2.0948061911947136,-0.8623888508405199,1.1859524116433962,0.3868358468915219,2.0,20.0,1.2,22.0,493.0,2.0,2.0,49.0,1.0,5.0,0.7,7.8,1.04,3850.0,POND,0
-1.949283731686935,0.0032645767042127,-0.2546883991107415,-0.3446211988001166,0.4339918719836914,-0.5347846396736364,79.0,18.0,4.8,27.0,608.0,9.0,2.0,1600.0,1.8,5.0,0.02,7.3,2.6,3831.0,POND,0
-1.6834058090896038,0.0148564567093991,-0.5315166509102425,-0.6365578145183595,-0.0377793598395935,-0.6851156669991051,63.0,18.0,8.0,26.0,619.0,8.0,2.0,1600.0,1.9,5.4,0.23,7.0,2.6,3830.0,POND,0
-1.5761907352419162,-0.0896399719044256,-0.5139513395032599,-0.5972853303112099,0.0724157847941976,-0.8025055646786143,120.0,18.0,4.4,26.0,935.0,8.0,2.0,1600.0,2.4,5.0,0.15,7.0,2.7,3299.0,POND,0
-2.0018736585077046,-0.1953778062474162,-0.1583390396716107,0.7057776830283929,-0.0295094009247966,0.5273379413791992,6.0,22.0,2.2,31.0,520.0,9.0,2.0,49.0,1.8,6.9,0.77,7.2,1.14,3297.0,POND,0
-2.122471482189792,0.0076135658164063,-0.1055599428815808,-0.6254297951845424,0.2406670377457807,-0.3631036472587505,39.0,17.0,6.0,27.0,469.0,10.0,2.0,540.0,1.9,6.0,0.28,7.2,2.3,3301.0,POND,0
-1.867728718621957,-0.4002363099868389,-1.9174843646319888,-1.167031451467034,0.6634977295741085,0.365190936655664,2.0,19.0,2.2,22.0,669.0,3.0,2.0,140.0,1.1,5.8,0.88,7.5,2.03,3302.0,POND,0
-1.8486389717059863,-0.3204014561075479,-1.3035549803141884,0.9166854504709624,0.7350972412876952,0.904060169253716,2.0,25.0,2.0,29.0,368.0,4.0,2.0,49.0,1.8,7.1,0.77,7.6,0.93,3298.0,POND,0
-2.5329266483205184,-0.0184272763271595,0.4951748205048587,0.6980480731792863,0.1936722194194132,0.5365323700218524,4.0,20.0,2.2,32.0,408.0,12.0,2.0,58.0,1.0,6.7,0.55,7.4,0.82,3303.0,POND,0
-1.8209845084396057,-0.0881670827650575,-0.7578428687555393,-0.4464716110840124,0.4730967432708605,-0.2731032717339279,110.0,19.0,4.0,26.0,582.0,7.0,2.0,1600.0,2.1,5.6,0.27,7.3,2.4,3300.0,POND,0
-2.234613943640828,-0.3456053968458261,-2.1552296454482924,-0.8573791770270538,1.593299805486395,0.7201636151625141,2.0,20.0,1.3,22.0,481.0,2.0,2.0,48.0,1.0,6.4,0.7,8.0,1.1,3849.0,POND,0
-2.2801585399608753,0.217173043418432,-1.2891882751391304,-0.9086116852354048,0.0406725384843931,-0.2015743182960394,4.0,18.0,2.6,24.0,376.0,6.0,2.0,49.0,1.2,6.8,0.3,7.1,2.1,2129.0,TANK,0
-2.328218195178416,0.0045153346566932,0.5680595109551709,-0.9866898793131262,0.0874726526768458,-0.1654824014829052,75.0,15.0,3.4,28.0,200.0,13.0,20.0,120.0,3.0,6.8,0.51,7.1,2.61,1426.0,LAKE,0
-2.327455863899691,-0.0063179846530271,0.832415318478151,-0.8423331178944021,-0.1158796881216052,-0.2330298922044094,25.0,15.0,3.5,29.0,220.0,14.0,5.0,75.0,3.1,6.8,0.51,7.0,2.61,1630.0,LAKE,0
-2.269391914712606,0.0868686074905691,0.830377789620684,-0.85354184762952,-0.2991180534722465,-0.2841264827461747,125.0,15.0,3.4,29.0,220.0,14.0,30.0,140.0,3.0,6.7,0.51,6.9,2.61,1629.0,LAKE,0
-2.285377197714585,0.0159837714366465,0.5608192447095481,-0.9957388931850232,-0.0952253547507666,-0.2639298657580372,70.0,15.0,3.5,28.0,210.0,13.0,10.0,95.0,3.0,6.7,0.51,7.0,2.61,1425.0,LAKE,0
-2.3544177724868867,-0.0177411137205785,0.5572285122146812,-0.9921599714769752,0.1051433040954862,-0.1663964898810878,35.0,15.0,3.5,28.0,200.0,13.0,5.0,75.0,3.1,7.0,0.51,7.1,2.61,2837.0,LAKE,0
-1.94103625749693,-0.1211713597722579,0.4310645181815283,-0.8401346566716618,-0.0003271708956443,-0.3926151373455833,75.0,16.0,3.9,28.0,398.0,12.0,25.0,155.0,3.4,6.1,0.51,7.0,2.61,2849.0,POND,0
-2.220158828735194,-0.0244706451024887,0.5737376899261127,-0.983447400319274,-0.0653503932418341,-0.3021621461790884,65.0,15.0,3.6,28.0,350.0,13.0,15.0,120.0,3.0,6.6,0.51,7.0,2.61,2841.0,POND,0
-1.9470106742313995,-0.0058885317181458,0.412213175840921,-0.8594160250444343,-0.1962316552772401,-0.4121600796014298,85.0,16.0,3.9,28.0,312.0,12.0,45.0,185.0,3.3,6.2,0.51,6.9,2.61,2861.0,POND,0
-2.3150623075391876,-0.0855483777682794,0.2972836629793362,-1.1276093766770054,0.3453257878782318,-0.1505050025111071,20.0,15.0,3.5,27.0,310.0,12.0,5.0,65.0,3.1,7.0,0.51,7.2,2.61,2840.0,POND,0
-2.1900759266898433,-0.142718205331639,0.3906482349687183,-0.8112281906890872,0.3088298668232033,-0.1316727769128371,25.0,16.0,3.6,28.0,310.0,12.0,5.0,60.0,3.2,6.7,0.51,7.2,2.61,2842.0,POND,0
-2.1686703885815377,-0.1255186605114877,0.1110830803659888,-0.9558228619039936,0.3123895233070477,-0.1568417576800688,40.0,16.0,3.6,27.0,314.0,11.0,5.0,70.0,3.0,6.6,0.51,7.2,2.61,2844.0,POND,0
-1.9123161257926793,-0.1265160099176645,0.4475506483360524,-0.835841062717419,-0.033716716129752,-0.4235886396679783,85.0,16.0,4.3,28.0,357.0,12.0,25.0,175.0,3.3,5.8,0.51,7.0,2.61,2850.0,POND,0
-1.788220324364314,-0.1962250219085891,0.4737004406753153,-0.819500440167135,0.0317235744604927,-0.4877243167143065,90.0,16.0,4.0,28.0,600.0,12.0,40.0,165.0,3.4,5.6,0.51,7.0,2.61,2848.0,POND,0
-1.6615824204291056,-0.1534494924642418,-0.0106344261439026,-0.8276042823271995,0.0812046801646708,-0.4533208429597526,135.0,17.0,4.3,27.0,560.0,10.0,50.0,395.0,3.4,5.8,0.51,7.0,2.61,2851.0,POND,0
-2.077579530104152,-0.0361502471712255,0.0976214744607458,-0.9981172980854096,0.0009834665430844,-0.3074399093023753,45.0,16.0,3.6,27.0,300.0,11.0,15.0,90.0,3.2,6.7,0.51,7.0,2.61,2843.0,POND,0
-2.312447690849265,0.0160727957400455,0.5530366447044874,-0.989513313367723,-0.1172842464618068,-0.257011946235683,30.0,15.0,3.6,28.0,196.0,13.0,5.0,60.0,2.9,6.7,0.51,7.0,2.61,2846.0,POND,0
-2.431867819879864,-0.0883442827325715,0.5768978952278755,-0.9457583831989376,0.4027952475483771,-0.0147144699948762,45.0,15.0,3.7,28.0,210.0,13.0,5.0,80.0,2.8,6.8,0.51,7.3,2.61,2845.0,POND,0
-2.1958621060039145,-0.0703717346833059,0.3624024734554003,-0.8192512667869257,0.1303375694138701,-0.1631971770347987,40.0,16.0,3.5,28.0,330.0,12.0,10.0,85.0,3.1,6.9,0.51,7.1,2.61,2839.0,POND,0
-2.037995853574453,-0.1095759463102636,0.3766634955382847,-0.8093147451165184,0.0083107695455931,-0.3143564401018749,70.0,16.0,3.8,28.0,589.0,12.0,15.0,130.0,3.1,6.7,0.51,7.0,2.61,2847.0,POND,0
-2.080733504729813,0.5816248816998324,-2.112104183003998,-1.131265008531492,-0.5998379936287538,-0.4367450717794276,210.0,19.0,2.0,22.0,73.0,3.0,33.0,630.0,1.2,6.7,0.42,6.7,0.51,3349.0,LAKE,0
-3.0195546687446084,0.6426499099710358,-0.4823885653817731,-2.3730515271444874,-0.4628629283342507,-0.680549471192003,23.0,11.0,1.8,22.0,48.0,11.0,4.0,240.0,1.0,6.7,0.38,6.8,0.52,1459.0,LAKE,0
-1.0969476338702318,0.8089868356586667,-1.427653993813217,-2.7211332464119686,0.1753494625740487,-1.032246833230331,580.0,14.0,5.5,19.0,125.0,5.0,410.0,2400.0,4.1,5.2,0.5,6.7,1.22,1347.0,LAKE,0
-1.355789898805562,0.8947896590910974,-1.522641698346473,-2.6889372015857074,0.2064256636092319,-0.9602029720932912,480.0,14.0,5.2,19.0,120.0,5.0,380.0,2100.0,4.0,6.3,0.42,6.7,1.17,3347.0,LAKE,0
-0.6782948792906394,0.7665731744302934,-0.9865487281001736,-2.6383411241785035,0.4930107914372504,-1.3688489347265802,840.0,14.0,6.9,20.0,155.0,6.0,460.0,2700.0,5.8,4.9,0.32,6.7,1.72,3346.0,LAKE,0
-1.2824650909846678,0.632115924685185,-1.4308469220506996,-2.381708562798836,0.2816489634832948,-0.8431160475190006,490.0,15.0,5.5,20.0,135.0,5.0,310.0,2100.0,4.1,6.0,0.5,6.8,1.35,3348.0,LAKE,0
-2.604270851968485,0.7094788758125478,-0.7367453544681375,-1.7213182511054097,-0.0095712683122753,-0.3958458237987278,340.0,14.0,2.2,23.0,163.0,9.0,120.0,840.0,1.2,6.7,0.32,7.0,0.62,1348.0,LAKE,0
-2.8364029663405548,0.8129916356009488,0.2080536285951627,-1.579850816089028,-0.4129619729915473,-0.9903724665145436,356.0,12.0,2.3,25.0,303.0,13.0,45.0,1500.0,1.0,5.7,0.02,6.8,0.02,3723.0,LAKE,0
-2.7491385299320865,0.4436576067289407,1.072824968056289,-0.2495522044450321,0.2386518550677131,-0.4181859467268931,356.0,15.0,2.4,30.0,320.0,15.0,45.0,1500.0,1.1,5.0,0.02,7.3,0.32,3755.0,POND,0
-1.9934609653016295,0.3882006896740648,0.0746190307405819,-0.8947880461008868,-0.5285798144200279,-1.2938516879787647,356.0,15.0,3.2,26.0,599.0,11.0,45.0,1500.0,1.0,2.7,0.02,6.8,0.42,3722.0,POND,0
-1.6313223043690523,-0.1915587297505775,1.1614194428812348,1.158123290396872,-0.4697904295156982,-0.06739655338852,356.0,21.0,2.8,34.0,231.0,13.0,45.0,1500.0,1.0,2.0,0.4,7.2,2.4,2886.0,LAKE,0
-1.7364138264030369,0.1316330808190268,0.463250644055524,0.8528269275795529,-0.7832572953853746,-0.2825851860207488,356.0,21.0,2.4,32.0,297.0,11.0,45.0,1500.0,1.0,3.3,0.4,6.9,0.9,2887.0,LAKE,0
-1.8584160418977536,1.0461733554311012,1.8624329854926125,0.0805702735872403,-0.7147079214175733,-0.0594617176472005,4900.0,16.0,2.0,33.0,191.0,17.0,78.0,7900.0,1.1,4.0,0.32,6.9,1.42,3956.0,LAKE,0
-0.9700802087584378,1.851045100854891,1.1050351594725107,0.6065955211158511,-0.769032587683528,0.3239672194891708,7900.0,20.0,2.8,33.0,234.0,13.0,45.0,22000.0,1.1,4.6,0.32,6.8,0.72,2438.0,LAKE,0
-0.5537415958686759,2.319511040285724,1.5046456337647498,0.5695495767762503,-0.6933930920749568,0.9450700405342126,10678.0,20.0,2.2,34.0,180.0,14.0,45.0,31301.25,1.1,5.2,0.32,6.9,3.33,3957.0,LAKE,0
-1.9956406106615077,0.7196592694858011,1.1532626746315235,0.9182939073371084,-0.7270309345399917,0.1733267262990676,2200.0,20.0,2.4,34.0,193.0,14.0,78.0,4900.0,1.1,5.6,0.32,6.9,1.46,3955.0,LAKE,0
-1.8489443503124148,-0.5722962694358376,1.476189528031029,0.3388749779814997,0.8645546325746785,-0.3078399303387372,490.0,16.0,2.4,32.0,3294.5,16.0,2.0,3500.0,1.1,6.1,0.32,7.4,1.42,3953.0,LAKE,0
-1.0557530949448557,-0.4224259466344427,0.7280310063380249,1.247921369998648,-0.0606795905130339,-0.5637290441559979,1300.0,21.0,2.9,33.0,3294.5,12.0,20.0,2800.0,1.1,5.3,0.32,6.9,1.13,2437.0,LAKE,0
-1.6002216218550744,-0.0769270515044237,1.5802267542723094,0.1727563671892767,0.7734645752281263,-0.1576845281302615,2200.0,17.0,11.0,32.0,699.0,15.0,20.0,4900.0,1.8,3.8,0.32,7.6,2.36,3954.0,LAKE,0
-0.0464019239533449,2.149919494047779,0.5359011684202534,0.0537129466353125,-0.5120225850869875,0.3177936816581821,10678.0,20.0,2.0,30.0,445.0,10.0,45.0,31301.25,1.1,2.6,0.32,6.9,1.72,2431.0,POND,0
-0.2079012762863565,1.289269109529141,2.4905348058439336,0.1409494220737894,1.7686545113551528,0.850486574794701,10678.0,17.0,6.7,34.0,1221.0,17.0,20.0,31301.25,3.7,4.4,0.51,7.9,1.62,2434.0,POND,0
-0.4989566301209152,1.1882271520730296,-0.8558657832533286,0.5048135661396582,-0.4850917457429014,0.3532700840421987,3300.0,24.0,4.5,29.0,453.0,5.0,45.0,24000.0,2.0,6.1,0.42,6.8,2.52,3962.0,POND,0
0.0027135182962233,-1.107982294506962,1.9984095357834253,0.7772599059666395,0.6608005318205383,0.3117566503596084,2300.0,21.0,9.5,35.0,970.0,14.0,20.0,7900.0,4.4,2.4,0.63,7.6,9.45,2433.0,POND,0
0.2633981971361334,0.9691254409215144,2.703597715746523,0.0367678733766682,2.224995426059479,0.8454856107321874,10678.0,17.0,8.0,34.0,1231.0,17.0,78.0,31301.25,4.7,3.1,0.67,8.1,1.96,2432.0,POND,0
0.7531955742783979,0.2995549876371081,1.3376477469633594,1.0431200488866137,0.3525001454461219,-0.7675846115204084,4900.0,23.0,12.5,34.0,854.0,11.0,110.0,17000.0,5.6,1.9,0.32,7.0,2.38,2436.0,POND,0
1.045056404418484,1.2587522051427618,0.7261255587204359,-1.3259971941011597,0.0032211899705873,-0.1404972177581466,10678.0,17.0,9.5,27.0,923.0,10.0,20.0,31301.25,4.0,2.4,0.62,6.9,5.82,3963.0,POND,0
0.6463807698580932,1.4143631425965597,2.3822004364498297,0.2150500636772415,0.4821748022923139,-0.1751842570858788,10678.0,18.0,9.0,34.0,1387.0,16.0,45.0,31301.25,4.3,2.8,0.32,7.1,2.52,2435.0,POND,0
-1.2227954488069128,-0.4531275269884071,-2.0687291990389087,1.7826698174340023,1.3654651434706966,0.4579179601481545,2.0,29.0,2.5,29.0,1219.0,0.0,2.0,540.0,2.5,7.0,0.32,7.7,0.32,1686.0,LAKE,0
-1.103923951265492,-0.6963320842161136,-0.9232447259153372,2.1393299796545797,1.531791906501166,0.3156889970638629,94.0,28.0,6.5,32.0,1642.0,4.0,2.0,350.0,2.5,6.3,0.32,7.8,0.32,4634.0,LAKE,0
-1.942820927915144,-0.3758032251704216,-1.0310212020985057,2.195611360765678,1.6680151604768318,1.089847628445715,70.0,28.0,2.8,32.0,451.0,4.0,2.0,350.0,1.0,6.0,0.32,8.2,0.32,1396.0,LAKE,0
-2.528958034361521,0.4657753391496949,1.7170853068061505,-0.3337784666657369,0.7916855990201587,1.2581871643929274,2000.0,15.0,2.7,32.0,423.0,17.0,260.0,3900.0,1.0,7.2,0.9,7.7,1.8,1297.0,LAKE,0
-2.35276684229422,0.3224710347562327,1.4601436848580212,-0.5886865601072209,0.5388710345664526,1.2737777459914683,2100.0,15.0,3.1,31.0,379.0,16.0,210.0,4600.0,1.0,6.9,1.1,7.6,2.2,1382.0,LAKE,0
-3.753326121691868,0.3252587255508663,3.340379776386138,0.4869243402579439,0.2231020940054274,0.579752698812421,40.0,12.0,1.1,38.0,217.0,23.0,18.0,140.0,1.0,7.7,0.3,7.5,1.0,2912.0,LAKE,0
-0.8619739838732403,-1.4737135477322922,-0.8115072467510831,0.124499743915203,0.056517737214744,2.1550963916839936,140.0,24.0,2.5,29.0,700.0,5.0,67.0,220.0,1.3,5.2,2.3000000000000003,7.6,5.23,1481.0,LAKE,0
-1.549712363174594,-0.9956531381936652,2.9513188293546992,-2.0032150215965774,-0.1557766256139124,0.5598916499489406,280.0,10.0,3.8,30.0,1210.0,23.0,220.0,500.0,2.9,4.1,1.62,7.2,7.18,2940.0,LAKE,0
-0.7989645708502092,-1.0973127328926555,0.2484635124017563,-0.9259127620312504,-0.3182133764950474,0.8100574067478226,240.0,18.0,4.6,28.0,1159.0,10.0,150.0,530.0,2.3,4.0,2.0,7.1,3.48,4178.0,LAKE,0
-1.16763282854064,-0.5066557080922558,-1.7484572250011965,0.0994437097944125,0.1253926901889852,0.5558163420012644,110.0,24.0,4.4,26.0,312.0,2.0,40.0,220.0,1.7,4.9,1.12,7.3,1.71,2936.0,LAKE,0
-1.3150704441529613,-0.7127034304118709,-1.3025710253299343,-0.0033182083016221,0.1515800786590878,1.1402528433487675,115.0,23.0,2.8,27.0,652.0,4.0,60.0,190.0,1.3,5.9,1.42,7.4,3.12,2941.0,LAKE,0
-0.948453149797048,-1.0832258508090933,-1.184480446289898,0.0611685868071665,-0.1831113028454037,1.5782481937847246,90.0,24.0,2.8,28.0,668.0,4.0,60.0,180.0,1.7,5.8,2.02,7.3,3.42,2942.0,LAKE,0
1.0395888665746829,-1.6525047385815164,0.230580978711071,-0.655700269838675,-2.2574026096074515,-0.3523419295621825,350.0,20.0,4.7,29.0,3260.0,9.0,150.0,1600.0,3.3,2.6,2.3000000000000003,5.800000000000001,5.39,2944.0,LAKE,0
-1.896182959326033,-0.564795981275132,1.334954088987843,0.5452377106292144,0.6603472532467277,0.880740485327005,280.0,19.0,2.6,33.0,508.0,14.0,110.0,1100.0,1.2,3.7,0.88,7.8,3.09,2935.0,LAKE,0
-2.057146751153866,-0.7327878750023346,0.2145658258806798,-0.8141982027877942,0.1384822587473419,1.045763277994468,84.0,17.0,4.0,28.0,392.0,11.0,2.0,152.0,1.0,5.4,1.54,7.5,2.62,1714.0,LAKE,0
-0.8817392537076375,-1.072047157531406,0.982695738343602,-0.253089665878755,-1.7889080773910635,0.8808807027870594,150.0,19.0,3.1,32.0,1143.0,13.0,60.0,460.0,1.7,4.6,2.12,6.5,4.92,2943.0,LAKE,0
-2.0585137964489957,-0.3503721597302345,-0.0274804321405541,-3.0270781659365507,-1.2018466003314796,-0.1780856611480476,94.0,10.0,4.0,22.0,403.0,12.0,2.0,175.0,1.2,4.5,1.66,6.6,2.04,1716.0,LAKE,0
-0.5685815509512988,-1.6429548877570883,0.6477036266894681,-0.9166381238407498,-0.1027559993160034,1.110074994614597,220.0,18.0,5.9,29.0,1198.0,11.0,93.0,300.0,2.8,3.5,2.3000000000000003,7.3,4.92,4795.0,LAKE,0
-0.9522401714116968,-1.217604398168271,-0.9212127586566652,-0.1413303579879637,-0.1014395648154717,1.6840845239300426,130.0,23.0,3.3,28.0,602.0,5.0,64.0,220.0,1.6,5.1,2.22,7.4,3.15,1285.0,LAKE,0
-1.539403498062993,-0.7744357079039905,0.6889596917084461,-0.5914984956869118,0.1422880980727794,0.3514012452946156,150.0,17.0,2.6,29.0,528.0,12.0,64.0,280.0,2.1,2.9,1.24,7.4,2.46,1414.0,LAKE,0
-1.7904314995700608,-0.7565704814616024,2.0482304787893617,0.7476043894870134,-0.175163745979008,1.05643033313125,140.0,19.0,3.3,36.0,883.0,17.0,75.0,240.0,2.1,5.8,1.37,7.3,3.13,2938.0,LAKE,0
-1.4393297808768604,-1.2289718327049568,2.027138591912942,0.7614376106270572,0.3762431936146522,1.589644648302131,140.0,20.0,3.3,36.0,787.0,16.0,93.0,280.0,2.5,5.4,1.43,7.7,6.92,2939.0,LAKE,0
-1.7469365870190152,-0.8371883447586934,1.023308709833229,0.0584629752059298,0.2761734320915102,0.1368099922987727,80.0,17.0,2.6,31.0,2359.0,14.0,14.0,140.0,1.0,5.2,0.93,7.3,1.84,2937.0,LAKE,0
-1.28991692431091,-0.7191183142969096,0.1005271033003894,-0.7207907182904524,-0.7875369889292043,0.2988256672615729,130.0,18.0,3.2,28.0,719.0,10.0,39.0,220.0,1.7,3.9,1.42,6.9,3.46,4177.0,LAKE,0
-0.7136312502544427,-1.3719972995706895,0.3777748784626542,-1.0802713226184733,-0.929215913395372,0.6870800527815959,170.0,17.0,3.1,28.0,2000.0,11.0,78.0,280.0,1.6,4.2,2.12,6.8,4.79,1286.0,LAKE,0
-1.1588305384639883,-0.6695708182183127,-1.037151928655646,0.1353235718374409,-0.391154301071954,0.8796744875528049,140.0,23.0,2.9,28.0,882.0,5.0,50.0,240.0,1.3,6.1,1.22,7.1,4.94,4179.0,POND,0
-2.3583926133766515,-0.3624538832967282,-1.2882588271972644,-3.753397450072899,-0.3046325427022751,0.8075913364975255,58.0,10.0,2.5,18.5,130.0,7.0,21.0,113.0,1.8,8.4,1.8,7.0,4.7,5291.0,LAKE,0
-2.0885275646156685,-0.2665094799647368,-1.2778861854477217,-3.811542362699082,-1.0264098048469503,0.4300571011858884,77.0,10.0,2.4,18.5,132.0,7.0,30.0,170.0,1.9,7.7,1.8,6.6,4.9,5290.0,LAKE,0
-2.0422091705338667,0.3641723701292935,0.0945467203722861,-0.2070285916890616,-1.5372379255454685,-0.6296752542791353,33.0,18.0,2.0,29.0,311.0,11.0,17.0,70.0,1.0,5.2,0.32,6.4,2.58,1420.0,LAKE,0
-1.5178072701413596,-0.0195553165599458,-1.493348182291521,1.6111070245535226,-0.1022863735785054,0.1011142809736053,2.0,27.0,3.0,30.0,819.0,3.0,2.0,93.0,1.0,6.1,0.32,7.1,0.32,3008.0,LAKE,0
-1.4090310257875804,-0.189013099106709,-1.2516194997910306,1.4541655161551272,-0.0433997074207851,0.0397242105834778,45.0,26.0,3.0,30.0,1288.0,4.0,2.0,170.0,1.0,6.1,0.32,7.1,1.27,3010.0,LAKE,0
-0.2961222613546139,-0.9020289616246516,-1.3705959087043913,1.3063985946475851,-0.0431523711956038,-0.6586437408507431,2.0,26.0,3.0,29.0,3294.5,3.0,2.0,68.0,2.0,5.6,0.32,6.8,3.23,3011.0,LAKE,0
-1.4023029945259873,0.0220640924164443,-1.7963473505607144,1.0376295126339536,-0.0670085250040019,-0.1557609798772788,40.0,26.0,3.0,28.0,607.0,2.0,2.0,170.0,2.0,6.2,0.32,7.0,0.32,3009.0,LAKE,0
-1.1408658353337031,0.779588536169361,-1.6217750952186594,-2.4391380409423538,-2.048637507898031,-2.1589228731127785,310.0,14.0,6.3,19.0,480.0,5.0,170.0,630.0,1.0,2.1,0.32,5.800000000000001,0.73,1421.0,LAKE,0
-1.9285248931654753,0.4500066820080683,0.7365721269192,1.1395807531653763,-2.0378158656400456,-0.6832716708427685,26.0,21.0,2.6,34.0,809.0,13.0,9.0,49.0,1.0,6.0,0.32,6.1,0.6,3007.0,LAKE,0
-1.4735159661850818,0.4653738426492442,-0.5802024452516119,-0.321611737040229,-1.9092541000962184,-1.324737496643223,310.0,19.0,5.4,27.0,372.0,8.0,17.0,630.0,1.0,3.5,0.32,6.1,0.65,1452.0,LAKE,0
-1.1084940502245442,-0.1257054128183397,-1.0511158020577511,1.2156105578815666,-1.1395498624199991,-0.5012550554150668,2.0,25.0,2.0,30.0,1518.0,5.0,2.0,78.0,1.0,5.3,0.32,6.5,2.21,4823.0,TANK,0
1.004538248478381,-1.99956813608601,1.0251227883386846,1.0638456671541026,-2.320141281848902,0.202125214064322,34.0,25.0,16.0,35.0,1535.0,10.0,6.0,540.0,2.0,0.3,2.3000000000000003,6.3,6.6,4670.0,LAKE,0
0.1425186227244319,-1.743515676986115,0.0894246146616044,-0.6713083828758235,-1.095423589034367,0.2419861669574249,48.0,20.0,16.0,28.0,1047.0,8.0,9.0,430.0,1.2,0.3,2.3000000000000003,6.9,4.1,5052.0,LAKE,0
1.1307081184596703,-2.3230590393650883,-0.4914307494542517,0.1800102529247062,-0.9599465955319736,0.542704648633324,27.0,25.0,15.0,29.0,1603.0,4.0,14.0,540.0,1.8,0.3,2.04,7.0,10.12,4676.0,LAKE,0
0.3933011020380056,-1.4574895126680008,-0.6955742706607575,0.4620873548366884,-0.2874923066644003,-0.650662588510382,33.0,24.0,12.0,28.0,1602.0,4.0,2.0,540.0,1.8,0.3,0.62,7.1,8.02,4682.0,LAKE,0
-0.2817437164289054,-0.8762944844543674,-1.7748835618844536,1.1983637017544266,0.6145821770727912,-0.1840531619802964,17.0,28.0,3.6,28.0,631.0,0.0,17.0,150.0,3.6,2.6,0.51,7.4,2.61,5048.0,LAKE,0
1.6292223879824914,-2.6050257289158205,0.520486593407259,0.4244512093796354,-0.8466642497987134,0.2424749122118088,46.0,25.0,22.0,32.0,1489.0,7.0,6.0,540.0,4.0,0.3,2.3000000000000003,6.9,8.93,5040.0,LAKE,0
1.651223931766639,-1.963091441874399,-0.1181667347196862,-0.6190391574290919,-1.108899166969227,-1.0543269808048226,34.0,22.0,35.8,27.0,1117.0,5.0,6.0,540.0,2.2,0.3,0.98,6.7,14.855000000000002,4690.0,LAKE,0
2.0100322145073983,-3.149622962790076,0.7330597288604405,0.1406404273533399,-0.3068333816872997,0.6805591353946762,41.0,25.0,18.0,32.0,1260.0,7.0,11.0,540.0,6.0,0.3,2.3000000000000003,7.2,13.95,3074.0,LAKE,0
1.81327959769884,-2.0733365319553867,0.3062452261116011,0.4513452150783481,-2.9855421984553736,-0.4754832452501226,47.0,25.0,24.0,32.0,1930.0,7.0,11.0,540.0,2.0,0.3,2.3000000000000003,5.800000000000001,8.6,5126.0,LAKE,0
-0.556299538402506,-1.04821593740245,-0.4510712473234052,0.3397132907625839,0.2134996962014608,-0.4484474882635166,27.0,22.0,10.0,28.0,1124.0,6.0,8.0,480.0,1.1,0.3,0.82,7.4,2.2,5035.0,LAKE,0
1.7965561159785366,-2.818744964346528,0.7721276765156418,0.6202727241443704,-0.9852208027591288,0.2823363266949171,47.0,25.0,17.0,33.0,2347.0,8.0,14.0,920.0,4.0,0.3,2.3000000000000003,6.8,10.02,4679.0,LAKE,0
-0.4999121631036847,-1.6972644636795466,-0.9448121981615022,-1.1058954948196835,-0.8342274727747524,1.7199915011558764,15.0,21.0,4.0,26.0,767.0,5.0,6.0,170.0,1.8,5.4,2.3000000000000003,7.1,10.13,4684.0,LAKE,0
1.1858780900879562,-2.739594937104401,1.015927596461502,-0.7817846914339487,-1.1983420440856822,0.6923789705463095,27.0,20.0,21.0,30.0,1524.0,10.0,9.0,540.0,2.0,0.3,2.3000000000000003,7.0,14.855000000000002,5060.0,LAKE,0
1.3511607357378217,-2.527188893630774,0.4343696770974001,0.5366986336462857,-0.7786299934306975,0.446954911331846,47.0,25.0,19.0,32.0,1622.0,7.0,11.0,540.0,3.2,0.3,2.3000000000000003,7.0,8.22,5133.0,LAKE,0
0.2379421103121193,-1.9644487545109937,-1.0044064219174382,0.2021107270342629,-0.5349808000951017,1.064720507961156,33.0,25.0,6.0,28.0,1109.0,3.0,17.0,430.0,1.2,0.3,2.3000000000000003,7.3,4.8,5051.0,LAKE,0
0.7329242736155118,-2.119962247034892,0.2446870004516427,0.7094327109274537,-0.9933708344730507,0.6158581587299655,43.0,25.0,14.0,32.0,1331.0,7.0,11.0,540.0,2.0,0.3,2.2,7.0,6.4,5113.0,LAKE,0
0.2109147119103324,-2.0963756237262756,0.6769819185988729,-0.6108081309325467,-1.545062319586393,1.0192049542374642,33.0,20.0,10.0,30.0,1038.0,10.0,12.0,540.0,1.2,1.0,2.3000000000000003,6.9,11.12,5055.0,LAKE,0
1.7121493527410137,-2.7219316478478803,-0.5975877986374984,-0.1796180721114501,-0.9017775494244582,0.5311223633674361,43.0,25.0,22.0,28.0,1746.0,3.0,4.0,540.0,2.2,0.3,2.3000000000000003,7.0,12.02,4668.0,LAKE,0
0.0472372375628579,-2.001619565805914,-0.1786649802515716,0.2952806492368038,-0.7043782929156749,1.2773645615475868,38.0,24.0,5.0,30.0,705.0,6.0,4.0,430.0,1.0,0.3,1.89,7.4,10.02,5046.0,LAKE,0
0.7922570910859567,-2.504088306660966,-0.1572622015385004,-0.5089299488259209,-0.5913757726479351,0.8186089888619335,41.0,22.0,10.0,28.0,1720.0,6.0,11.0,540.0,2.2,0.3,2.3000000000000003,7.2,9.8,5039.0,LAKE,0
1.2673780404188926,-2.799713873439518,-0.1653629188350479,-0.121100231229837,-0.4952253354767181,0.977058165791904,47.0,24.0,15.0,29.0,1793.0,5.0,8.0,540.0,2.2,0.3,2.3000000000000003,7.3,12.22,3070.0,LAKE,0
0.1526825519073337,-1.725229295377138,-0.760740309133846,0.6354988208628435,-0.9811126136312,0.9443875777906252,33.0,26.0,4.0,30.0,902.0,4.0,7.0,540.0,2.0,1.0,2.3000000000000003,7.0,3.2,4669.0,LAKE,0
1.1039912289600802,-2.806162733801814,1.0020715320824305,-0.7731308633482398,-0.9914039401534868,0.829859414128988,25.0,20.0,17.0,30.0,1580.0,10.0,9.0,540.0,2.4,0.3,2.3000000000000003,7.1,14.855000000000002,5059.0,LAKE,0
0.953440108361046,-2.182629984569319,0.6460288624693145,-0.6921577361699824,-0.9065593226939552,-0.1157248850393534,34.0,20.0,29.0,29.0,1336.0,9.0,6.0,540.0,2.0,0.3,2.3000000000000003,6.9,6.82,5062.0,LAKE,0
0.8645611467418586,-2.298315679562085,0.0496924305140111,0.4852405726244294,-0.6233787232074436,0.7810747185119639,140.0,25.0,16.0,31.0,1242.0,6.0,8.0,540.0,2.2,0.3,2.3000000000000003,7.2,7.12,3073.0,LAKE,0
-1.278981599953024,-0.6584359341193441,-0.564725037978233,0.8681271913897386,0.1965371582554988,0.5525950104984492,2.0,24.0,6.0,30.0,568.0,6.0,2.0,70.0,1.0,5.1,0.3,7.5,8.02,1789.0,LAKE,0
1.8207064040119445,-2.9311209947319155,0.0883793483383453,-0.0085316652684604,-0.4906439292161257,1.0384430665559188,430.0,25.0,20.0,30.0,1566.0,5.0,32.0,1600.0,3.0,0.3,2.3000000000000003,7.3,14.855000000000002,1391.0,LAKE,0
0.1128316355738193,-2.032731787497371,-1.0418746292048355,-1.1597253110025512,-1.255284745474596,1.8047408556602085,24.0,22.0,4.9,26.0,1040.0,4.0,7.0,220.0,2.2,5.7,2.3000000000000003,6.9,14.855000000000002,4686.0,LAKE,0
0.2300780355551211,-2.304679537241509,-1.5133557881599693,-1.0490460836605058,-0.5866736296938324,1.991944912467693,8.0,23.0,4.2,25.0,1665.0,2.0,2.0,27.0,2.0,6.0,2.3000000000000003,7.2,14.855000000000002,4666.0,LAKE,0
1.628505070779514,-2.49249848454998,-0.8814015852057412,-0.0071516594623813,-0.3483284849856385,0.0709457768859474,39.0,26.0,10.0,28.0,1471.0,2.0,14.0,540.0,6.0,0.3,2.3000000000000003,6.9,5.8,5112.0,LAKE,0
1.1859759845926336,-2.397483523127147,-0.1374632297499465,0.2695096121244502,-0.386614634692927,0.5447969298731128,46.0,25.0,23.0,30.0,1384.0,5.0,11.0,540.0,2.6,0.9,2.3000000000000003,7.2,7.42,4235.0,LAKE,0
-0.6538678592530729,-1.1135476696682145,0.7270574409539214,1.5723105693434087,-0.920076764861022,0.6682711637748296,58.0,25.0,8.0,35.0,681.0,10.0,2.0,430.0,1.0,2.5,1.22,7.1,5.6,4699.0,LAKE,0
-1.0244660496383828,-1.967115882845604,2.508754086594552,-0.0487267493069586,-0.7907956547100742,2.062510560061654,9.0,18.0,4.0,36.0,894.0,18.0,2.0,79.0,2.5,5.3,2.3000000000000003,7.3,11.12,4232.0,LAKE,0
0.5849604448280192,-1.9867085567999452,0.8391654778050632,-0.4621007056675402,-1.152139177722438,0.0666922747083505,34.0,20.0,22.0,30.0,1108.0,10.0,8.0,540.0,1.6,0.3,1.92,6.9,9.22,5054.0,LAKE,0
0.7883957613544907,-2.019836317339505,-0.0471484383199499,0.3220392155519835,-0.6683138863476816,0.0535413748895116,38.0,24.0,12.0,30.0,1411.0,6.0,4.0,540.0,3.0,0.3,1.62,7.0,8.12,5116.0,LAKE,0
0.4380387594692552,-1.8968544653447377,-0.4868197414525065,-0.1111328912582816,0.2285732536078886,-0.2011242677572858,33.0,22.0,14.0,27.0,2075.0,5.0,11.0,920.0,1.5,0.3,1.2,7.4,7.44,5032.0,LAKE,0
0.2254839108608334,-1.408387031809877,-0.9790018372122078,0.6267254395655267,-0.0775774324453999,-0.3842710148267804,39.0,25.0,10.0,28.0,1394.0,3.0,4.0,540.0,2.0,0.3,1.0,7.2,4.2,4248.0,LAKE,0
1.022026246195273,-2.5184259247470755,-0.8170576357218564,0.0645541672863508,-0.7186914862734972,0.9695196849558638,39.0,25.0,12.0,28.0,1975.0,3.0,11.0,540.0,1.0,0.3,2.3000000000000003,7.2,9.78,4705.0,LAKE,0
2.084149395522543,-3.121268991832447,1.3452077133713776,-0.937429390727462,-0.4605078323180483,0.0280088576562038,33.0,20.0,35.8,30.0,1708.0,10.0,11.0,920.0,4.0,0.3,2.3000000000000003,7.1,14.855000000000002,5057.0,LAKE,0
-1.7359471071352148,-0.4994356669574201,-0.7940039936843182,0.8959690132033706,1.0009145812475395,0.280551283445772,2.0,23.0,1.5,29.0,1382.0,6.0,2.0,70.0,1.0,5.3,0.3,7.7,1.92,4680.0,LAKE,0
-0.4162386937745866,-1.3276335310737215,-0.1532371832537282,0.7249322216993905,0.2554136944214921,0.0164661671208946,34.0,23.0,10.0,30.0,1848.0,7.0,10.0,430.0,1.2,2.2,1.0,7.4,3.9,2340.0,LAKE,0
2.217795431631024,-2.900539996236118,-0.16042049195438,-0.1052957218040677,-1.2356707481472429,0.3532396540672693,34.0,25.0,35.8,29.0,1953.0,4.0,11.0,540.0,1.0,0.3,2.3000000000000003,6.9,14.855000000000002,4677.0,LAKE,0
1.4499552996101563,-2.7991863495546063,1.1762525155588162,-0.7788090489712197,-0.8301806218325685,0.5104432488548355,79.0,20.0,35.8,30.0,1378.0,10.0,11.0,540.0,1.2,0.3,2.3000000000000003,7.2,14.855000000000002,4701.0,LAKE,0
0.4905106829832262,-2.023692748739975,-1.569778078196483,0.5936991133595366,0.3059739736884772,1.0499408892143194,11.0,28.0,4.0,28.0,655.0,0.0,11.0,350.0,4.0,1.0,2.3000000000000003,7.5,2.32,5047.0,LAKE,0
2.180876814929979,-2.066081015134192,0.127676855093025,1.2391649068862565,0.951258659582194,-1.2785552818776835,350.0,28.0,35.8,32.0,1758.0,4.0,2.0,1600.0,7.05,4.0,0.02,7.2,14.855000000000002,5132.0,LAKE,0
1.837210339962783,-2.820680408917496,-0.529369158503978,-0.042025490222984,0.8807084097807975,-0.2754306940285619,39.0,25.0,16.0,28.0,2185.0,3.0,11.0,540.0,7.05,0.3,2.3000000000000003,7.3,3.2,4698.0,LAKE,0
1.5833092315431254,-2.665415922546462,0.5219972990507348,0.5730425045359989,-0.6781323241045317,0.4049456490033202,46.0,25.0,28.0,32.0,1930.0,7.0,15.0,540.0,2.0,0.3,2.3000000000000003,7.1,9.32,5134.0,LAKE,0
0.9324007842112716,-2.716139914185536,-0.2212448577186493,-0.0614304419649152,-0.1709913352524964,1.2078595421138332,26.0,24.0,11.0,29.0,1552.0,5.0,9.0,540.0,2.3,0.3,2.3000000000000003,7.5,11.02,5049.0,LAKE,0
0.6739004191933426,-2.028297608934455,-0.9251221303729292,0.0851379564297395,-0.8904865585110004,0.6330146486898791,33.0,25.0,10.0,28.0,1202.0,3.0,10.0,430.0,2.0,0.3,2.3000000000000003,7.0,5.4,4671.0,LAKE,0
1.330778945262503,-2.34852533976433,-0.1208727616175329,-0.1092855746737411,-0.6417447106190958,0.2816456062933113,70.0,24.0,29.0,29.0,1067.0,5.0,9.0,540.0,2.2,0.3,2.3000000000000003,7.1,8.12,4672.0,LAKE,0
0.1407238067084407,-1.897471166182303,0.8100782574603975,-0.8912245701060916,-1.3778988996965853,0.2295037892693368,34.0,18.0,16.0,29.0,1376.0,11.0,4.0,540.0,1.0,0.3,2.3000000000000003,6.8,6.32,4673.0,LAKE,0
0.5671966242475327,-2.0048771265312935,-0.3898949288530151,0.1263720454394933,-0.8676307222009289,0.5926873675750156,60.0,24.0,15.0,29.0,1138.0,5.0,2.0,540.0,1.2,0.3,2.08,7.1,7.22,4674.0,LAKE,0
0.8694285158609698,-2.414914244275194,0.2809532951096483,0.3115584267771647,-0.6955292425818002,0.8085765916326589,94.0,24.0,15.0,31.0,1460.0,7.0,8.0,430.0,2.0,0.3,2.2,7.2,9.32,2341.0,LAKE,0
0.793569782295982,-2.382133284383744,-0.2073322374159244,-0.3665488939243412,-0.3415159316936692,0.310002660438472,39.0,22.0,8.0,28.0,2128.0,6.0,11.0,430.0,3.2,0.3,2.2,7.1,6.22,5029.0,LAKE,0
1.6750228501774291,-2.700356974018755,0.0142839037658034,0.2162397515289547,-0.2807573125388967,0.3084618717117025,48.0,25.0,27.0,30.0,1735.0,5.0,12.0,540.0,3.0,0.3,2.3000000000000003,7.2,8.75,5045.0,LAKE,0
1.4824416659864967,-2.7069925157531065,-0.3993392912561918,-0.3816373779630717,-0.6991780679710846,0.6729762962611782,40.0,24.0,17.0,28.0,1496.0,4.0,12.0,540.0,3.0,0.3,2.3000000000000003,7.1,12.02,5043.0,LAKE,0
1.1499203726553924,-2.172398121993478,0.3675487862604126,0.6436424773080286,-1.0240311723436142,0.2435128768754658,63.0,25.0,25.0,32.0,1367.0,7.0,17.0,540.0,2.0,0.3,2.3000000000000003,6.9,5.8,4691.0,LAKE,0
0.1047664483916324,-1.617491999704854,-1.1739758719079572,0.083187789281935,-1.239897849195917,0.8920793814266506,31.0,25.0,4.0,28.0,967.0,3.0,2.0,430.0,2.0,2.2,2.3000000000000003,6.8,4.3,5063.0,LAKE,0
0.2347481897516168,-2.122104006084149,-1.666904356066298,-0.6406677288244658,-0.9906149152290012,2.129607559455024,10.0,25.0,3.6,26.0,919.0,1.0,2.0,48.0,2.0,5.6,2.3000000000000003,7.1,14.855000000000002,4688.0,LAKE,0
0.209122135386537,-1.766530051449969,-0.4305907237492925,-0.0895809979239744,0.667271032847056,-0.1095388803343958,38.0,22.0,20.0,27.0,1347.0,5.0,8.0,540.0,1.2,0.3,1.1,7.7,7.04,5030.0,LAKE,0
-0.3802206761107559,-1.7753309355457436,-0.0424239425508304,-0.5784435480567849,-0.7129979715079482,0.8528935710614239,33.0,20.0,5.2,28.0,1121.0,8.0,2.0,540.0,1.0,0.6,2.3000000000000003,7.2,4.2,5056.0,LAKE,0
1.8047397595599235,-2.944409312033834,0.5283791325498953,0.3882820746780113,-1.128787836631704,0.6442307018257889,39.0,25.0,18.0,32.0,2144.0,7.0,10.0,540.0,3.0,0.3,2.3000000000000003,6.9,13.4,4229.0,LAKE,0
2.1161424377750055,-2.8603254063164725,0.0761765573647102,-0.1108879199064074,-0.7818402827803528,0.1973214142000002,58.0,25.0,16.0,30.0,1556.0,5.0,10.0,1600.0,6.0,0.3,2.3000000000000003,6.8,11.64,2342.0,LAKE,0
1.9656596420041184,-2.8517995554594657,0.0793702409529015,0.086162772283939,0.0294658686066993,0.0098869663353853,41.0,25.0,20.0,30.0,1804.0,5.0,21.0,540.0,6.0,0.3,2.3000000000000003,7.1,7.8,5121.0,LAKE,0
1.570179230855541,-2.7827062711358805,0.4631949175767044,0.4285643065515839,-1.5483831120789002,0.9633891907796722,70.0,25.0,20.0,32.0,1956.0,7.0,12.0,920.0,1.0,0.3,2.3000000000000003,6.9,14.855000000000002,5128.0,LAKE,0
1.5629096730607606,-2.715202069046742,-0.3280683133642728,0.0263467549172705,-0.7931524173225624,0.6502246007433048,48.0,25.0,17.0,29.0,1763.0,4.0,12.0,540.0,2.4,0.3,2.0,7.1,14.02,4696.0,LAKE,0
1.137442322304178,-2.2189014444556383,-0.4596698264249004,0.1846749626092934,-0.6120143389675765,0.4080785264126636,31.0,25.0,22.0,29.0,1350.0,4.0,7.0,1600.0,2.0,0.3,2.3000000000000003,7.1,6.2,4693.0,LAKE,0
2.138021383634877,-2.8526156500432203,0.0473966915293893,0.114374846298727,-0.9808234508061688,0.0325810685179669,41.0,25.0,28.0,30.0,2233.0,5.0,6.0,540.0,3.0,0.3,2.3000000000000003,6.8,11.16,4678.0,LAKE,0
0.74649923735672,-2.538131293868184,0.3955621039437926,0.7381939195259323,0.2653680441852446,1.1020945646257236,46.0,25.0,18.0,32.0,1447.0,7.0,17.0,540.0,2.0,0.3,2.3000000000000003,7.7,6.9,5041.0,LAKE,0
2.843945350113108,-3.20405299186965,-0.1301509634426996,-0.0231013995512123,-0.1244280851373799,0.3249657048078302,350.0,27.0,30.0,30.0,1662.0,3.0,4.0,1600.0,7.0,2.5,2.3000000000000003,7.0,14.855000000000002,4702.0,LAKE,0
0.093557954179927,-1.8825861672068425,-0.667241749056296,0.2131121864556079,-0.0845421674369243,0.7593771936049458,21.0,24.0,6.1,28.0,951.0,4.0,2.0,430.0,1.0,0.3,1.1,7.6,12.22,4683.0,LAKE,0
-0.5094394761076732,-1.1629549486850868,-1.761097183456968,-0.5415860443323096,-1.7036965778468605,1.4123830569281124,5.0,24.0,3.0,26.0,528.0,2.0,2.0,22.0,1.3,6.0,2.13,6.6,8.12,4661.0,LAKE,0
0.6352682474862996,-2.2605606180978417,0.529597120207361,-0.6359315556925372,-1.0129743456891016,0.429463111242142,39.0,20.0,19.0,29.0,1606.0,9.0,7.0,540.0,1.2,0.3,2.3000000000000003,7.0,8.62,5061.0,LAKE,0
-1.555489291028778,-0.2514721191675603,-1.0701130891821853,0.5342748158534744,-0.1020538510996806,0.0635546398950118,6.0,23.0,1.9,28.0,643.0,5.0,2.0,120.0,1.0,4.9,0.3,7.2,3.92,4681.0,LAKE,0
0.2760162454497897,-2.0931074639673692,0.6853354776957156,1.045269392098419,-1.2380492145135067,1.232724993392177,41.0,25.0,8.0,34.0,1189.0,9.0,11.0,540.0,1.0,0.3,2.3000000000000003,7.1,7.22,5053.0,LAKE,0
1.0410542883349485,-2.316854122162081,-1.0244112449870857,-0.2007945261775233,-0.680096040015411,0.8013842367946217,43.0,25.0,18.0,27.0,1084.0,2.0,11.0,430.0,1.5,0.3,2.3000000000000003,7.2,9.1,5036.0,LAKE,0
0.7973597772776418,-2.0918635826331373,0.4314654952796455,0.5895442454760023,-1.369759937152144,0.3735352277592991,39.0,24.0,19.0,32.0,1729.0,8.0,7.0,540.0,1.0,0.3,2.3000000000000003,6.8,5.8,4692.0,LAKE,0
-1.8186193467598093,-0.0956514008587176,-0.8766426105685032,0.3819109121413364,0.1182038762921158,0.0611133183995362,4.0,22.0,5.0,28.0,330.0,6.0,2.0,150.0,1.0,5.4,0.3,7.3,2.82,3068.0,LAKE,0
0.4521177680975685,-1.8151112287343525,-0.3413748547967082,0.4104033847119655,-0.3954400673067982,0.1182483340931864,31.0,24.0,14.0,29.0,1350.0,5.0,4.0,430.0,1.0,0.3,1.0,7.3,11.22,4249.0,LAKE,0
0.1908647129260059,-2.122183764402074,-0.9949142249908818,-1.164214248997664,-1.013365342593802,1.8005863121536552,31.0,22.0,5.6,26.0,1085.0,4.0,8.0,350.0,2.5,5.6,2.3000000000000003,7.0,14.855000000000002,4687.0,LAKE,0
0.3666843091067218,-2.047336980152207,0.746570671307886,-0.5548111614817385,-1.2644720689045388,0.5285545256847778,34.0,20.0,14.0,30.0,964.0,10.0,9.0,540.0,2.0,0.3,2.3,6.9,8.02,5058.0,LAKE,0
1.1019993811440414,-2.3237133844934004,-0.3156108461134271,0.0229557431704425,-0.9915100429113368,0.383850296801956,120.0,24.0,16.0,29.0,1836.0,5.0,6.0,540.0,2.0,0.3,2.3,6.9,7.44,3072.0,LAKE,0
1.3055328443480392,-2.8349137228631696,0.5262349918493695,-0.3744401887834466,-0.7473348483367411,0.5735301062174772,43.0,22.0,10.0,30.0,2026.0,8.0,3.0,540.0,4.0,0.3,2.3000000000000003,7.0,11.72,5038.0,LAKE,0
0.8258330944874707,-1.9452245460931992,-0.3352044698211475,-0.3314010126033315,-0.2795606993789991,-0.3736763225155634,34.0,22.0,20.0,27.0,1514.0,5.0,10.0,430.0,1.8,0.3,0.98,7.2,12.2,5033.0,LAKE,0
0.0371719201320647,-1.5095303246832117,-0.4974482582303416,-0.0763521168720249,0.2884598868468778,-0.2535628481392297,79.0,22.0,12.0,27.0,1068.0,5.0,12.0,480.0,1.8,0.3,0.68,7.5,9.02,5034.0,LAKE,0
2.213671765290341,-3.0795840853408274,-0.1364225002319324,-0.4553295302863057,-0.5157599012981426,0.3879417464527409,94.0,24.0,35.8,28.0,1873.0,4.0,5.0,540.0,2.0,0.3,2.3000000000000003,7.2,14.855000000000002,5044.0,LAKE,0
-0.0844407140699522,-2.1718496450663416,-0.8089207973873198,-1.2645034167916251,-0.7344665815944931,1.9976205245287304,15.0,21.0,3.2,26.0,1138.0,5.0,6.0,210.0,2.2,5.5,2.3000000000000003,7.2,14.855000000000002,4685.0,LAKE,0
1.2565844155757713,-2.943702968917732,0.5116550472438558,-0.3283101718830716,-0.9934261641548392,1.0015608715034443,49.0,22.0,12.0,30.0,2330.0,8.0,13.0,540.0,1.8,0.3,2.3000000000000003,7.1,14.855000000000002,4667.0,LAKE,0
-0.6832306120631906,-1.599439377628639,-1.043167692051561,0.0120436022791635,-0.1755340108619301,1.7874449851520569,33.0,24.0,2.2,28.0,686.0,4.0,8.0,540.0,1.2,3.6,2.3000000000000003,7.5,4.62,5124.0,LAKE,0
-1.529771661538101,-0.1979915007090486,-1.0731799032444551,0.4985922924765415,-0.3194976643787454,0.0182775396787959,8.0,23.0,2.1,28.0,506.0,5.0,2.0,170.0,1.0,4.8,0.32,7.1,4.02,1215.0,LAKE,0
1.6370413004748972,-2.653064061311605,-1.3313050311337769,-0.2676923570096718,0.8794803818069958,0.0725660419643774,13.0,26.0,12.0,26.0,1357.0,0.0,13.0,430.0,7.05,0.3,2.3000000000000003,7.4,3.87,5037.0,LAKE,0
0.4484555660675536,-2.19040847600871,1.0077105785961424,1.117800798300721,-1.3930922756402655,1.1752700146016823,43.0,25.0,8.0,35.0,1218.0,10.0,11.0,540.0,1.6,0.3,2.3000000000000003,7.0,8.22,4234.0,LAKE,0
1.816850171171332,-2.8141074159771575,0.0141422323709613,0.0724968413394055,-0.8097319058439566,0.4871227900631626,41.0,25.0,22.0,30.0,1738.0,5.0,14.0,540.0,3.2,0.3,2.3000000000000003,7.0,12.02,5050.0,LAKE,0
0.6659636979438186,-2.4174732648947876,0.7888738966839638,0.963389754756653,-1.2554092014197196,1.268308885892883,41.0,25.0,10.0,34.0,1622.0,9.0,12.0,540.0,1.0,0.3,2.3000000000000003,7.1,10.15,5131.0,LAKE,0
2.0480788537287484,-2.9973767343425326,-0.4749641132431541,-0.3987368758004274,-0.7989013194204792,0.6307753734288355,43.0,25.0,18.0,28.0,1609.0,3.0,17.0,540.0,4.0,0.3,2.3000000000000003,7.0,14.855000000000002,5042.0,LAKE,0
-0.0019140983484144,-1.224970264917807,-1.322572615321858,-0.4680568470896318,1.0397204887458409,-0.8264734087020202,14.0,22.0,18.0,24.0,625.0,2.0,12.0,350.0,3.0,0.3,0.86,7.6,2.02,5031.0,LAKE,0
1.1808893485704464,-2.2998744752288554,-0.2049816377971956,0.377322031888338,-0.6338464344821324,0.2184290992622974,46.0,25.0,20.0,30.0,1700.0,5.0,5.0,540.0,2.6,0.3,2.3000000000000003,7.0,5.2,3076.0,POND,0
3.468332364756193,-3.3112061275089597,0.7404893428530228,-2.103173239005946,-1.7294108042231675,-1.831796077902186,17.0,18.0,35.8,26.0,3294.5,8.0,9.0,540.0,7.05,0.3,2.3000000000000003,5.800000000000001,14.855000000000002,2347.0,POND,0
2.2015435992724854,-2.83794776380372,-1.178737360624294,-0.4694986530357662,0.4420127143264313,-0.015517064367329,38.0,26.0,18.0,26.0,1396.0,0.0,38.0,540.0,7.05,0.3,2.3000000000000003,7.2,7.8,4700.0,POND,0
-1.1864439770228628,-0.6675789018262139,-1.3397426571852618,0.9884033128034966,0.9515431025011348,0.1538160311617946,25.0,25.0,4.2,28.0,1133.0,3.0,2.0,220.0,1.2,4.0,0.32,7.7,2.8,2346.0,POND,0
0.7664451598020627,-2.298895354371276,-1.4742527986886238,0.5550795933401392,0.0332391381211496,1.4741452072594596,33.0,28.0,5.35,28.0,1024.0,0.0,33.0,1500.0,2.2,0.3,2.3000000000000003,7.6,7.2,4694.0,POND,0
0.3856413724014169,-1.7592497361457442,0.0618949660278318,0.3836553351759476,-1.3379444198217565,0.4988629173664851,39.0,24.0,12.0,31.0,955.0,7.0,4.0,430.0,2.0,1.2,2.0,6.8,6.82,2357.0,POND,0
2.3820127808335343,-3.522015472093891,1.8961841064004157,0.4474744872388521,-0.0233994045624169,0.3868258598999387,49.0,24.0,21.0,35.0,2169.0,11.0,15.0,920.0,7.05,0.3,2.3000000000000003,7.2,14.15,5129.0,POND,0
2.187594161154577,-2.848676949661475,1.2867678379670044,-0.9109084379619486,-0.6141221266260507,-0.7697396895130855,38.0,20.0,34.0,30.0,1742.0,10.0,11.0,540.0,6.0,0.3,2.3000000000000003,6.7,9.93,5119.0,POND,0
0.5639061547783285,-1.8740301143602387,-0.0891964962145381,0.497466342354523,-0.3046170886824783,0.0331695676574563,40.0,24.0,20.0,30.0,1484.0,6.0,6.0,540.0,1.6,0.3,1.82,7.2,4.0,3077.0,POND,0
-1.009794136602746,-1.162982205695824,-2.0054810644132304,0.2840015850181204,1.7841247566804594,0.7633317764415803,2.0,25.0,2.3,25.0,460.0,0.0,2.0,39.0,2.3,2.6,1.06,8.2,1.06,4222.0,POND,0
1.3168218055231655,-2.683691730985338,-0.5335644269333709,-0.3383824755950146,-1.5017397079771622,1.033273112048728,33.0,24.0,12.0,28.0,1875.0,4.0,11.0,540.0,1.0,0.3,2.3000000000000003,6.9,14.855000000000002,5118.0,POND,0
1.5277874504460378,-2.4959968831084134,0.3999446648435689,0.6674292796995724,-0.8719452392946607,-0.0424462326107612,43.0,25.0,22.0,32.0,2312.0,7.0,4.0,540.0,3.0,0.3,2.3000000000000003,6.8,5.8,5127.0,POND,0
-0.4891346726905627,-1.2830494762457822,-0.4636089605005424,-0.0643955571499186,-0.3296685277018164,0.4565776849987332,34.0,22.0,9.0,28.0,758.0,6.0,8.0,540.0,1.1,2.2,1.2,7.3,7.6,4675.0,POND,0
2.011790671891299,-3.300993471915239,1.66614098126672,0.667015237547264,-0.198568894994001,0.2395617550678,33.0,24.0,10.0,35.0,2803.0,11.0,21.0,540.0,7.05,0.3,2.3000000000000003,7.0,10.4,5122.0,POND,0
1.3228386408705457,-2.257392109247871,0.6117558140792049,0.3857645908733591,-1.2709324644526732,0.0227126187344848,40.0,24.0,24.0,32.0,1501.0,8.0,14.0,540.0,2.8,0.3,2.3000000000000003,6.7,6.8,5125.0,POND,0
2.4186120857939826,-3.198337144013546,-0.3354009172409172,-0.2940262176123781,-0.3422948136131135,0.3780974462166299,47.0,25.0,32.0,28.0,2192.0,3.0,14.0,920.0,2.8,0.3,2.3000000000000003,7.2,14.6,5111.0,POND,0
1.938714201750218,-2.904301161811474,0.5717512009120995,0.1788901722201559,-0.206578746284658,-0.0122731748646265,70.0,24.0,28.0,31.0,2252.0,7.0,10.0,540.0,4.0,0.3,2.3000000000000003,7.1,8.8,2344.0,POND,0
1.580904428175301,-2.899613074176289,1.3756720218178378,0.8684137837746428,-2.1341406454879595,0.6744461891736853,47.0,24.0,11.0,35.0,3294.5,11.0,12.0,920.0,1.2,0.3,2.2,6.5,14.855000000000002,5130.0,POND,0
1.7519944897497346,-2.841840287179235,0.4079737669549604,0.6374366447167779,-0.2694493629157384,0.5675235834210863,46.0,26.0,28.0,32.0,1618.0,6.0,8.0,540.0,3.0,0.3,2.3000000000000003,7.3,10.2,2359.0,POND,0
1.462224530542999,-1.9057747271216436,-0.0176046237335464,0.7079659884251961,0.1544480648111924,-1.1780768911655992,48.0,25.0,35.8,30.0,1784.0,5.0,12.0,540.0,3.0,0.3,1.2,7.1,4.8,3078.0,POND,0
1.7691874745604712,-2.68704919513203,-0.0478206789670576,-0.1883915988673604,-0.4686329710601772,0.0700282114040649,47.0,24.0,24.0,29.0,1731.0,5.0,14.0,540.0,4.0,0.3,2.3000000000000003,7.0,8.98,5115.0,POND,0
0.4831589266401567,-1.4621807836345957,-0.6530388493472622,0.6838082950826689,-0.4715192753243122,-0.4981115513325023,120.0,25.0,14.0,29.0,1438.0,4.0,6.0,540.0,2.0,0.3,1.1,7.0,4.92,3075.0,POND,0
0.1551929444619114,-2.435787271559271,1.1595395689830106,-0.5164684596975809,-1.025630664246934,1.652634940781611,11.0,20.0,6.0,32.0,1708.0,12.0,4.0,70.0,3.2,5.0,2.3000000000000003,7.0,14.855000000000002,4231.0,POND,0
2.225060119679433,-3.249777332999491,-0.127260509613496,0.2588581944662273,0.5960271290485327,0.0202798882094785,14.0,25.0,35.8,29.0,3294.5,4.0,2.0,430.0,2.2,0.3,2.3000000000000003,7.5,8.6,2345.0,POND,0
-1.0386378830792495,-0.7397932858011345,-1.0854353065953524,0.8735982144823103,-0.1533819909725302,0.4596291721192581,33.0,25.0,2.0,29.0,710.0,4.0,2.0,430.0,1.0,3.2,0.92,7.3,2.92,5114.0,POND,0
0.1801095727913681,-1.3255307805710357,-0.5904918363882065,-0.3045197341396833,-0.9822609650254852,-0.2134080242424255,41.0,22.0,14.0,27.0,985.0,5.0,8.0,540.0,1.2,2.0,0.66,6.9,13.22,4689.0,POND,0
1.312108243858926,-2.4142787894572257,0.0299957716093081,-0.0554321060038183,-1.2696163599257302,0.3228544912894494,48.0,24.0,12.0,30.0,1393.0,6.0,4.0,540.0,4.0,0.3,2.3000000000000003,6.7,9.13,5120.0,POND,0
-0.3537966026654299,-1.6959081335639874,-1.8821603700640317,0.071286513175366,1.062130414788875,1.6227980505934887,48.0,26.0,3.0,26.0,605.0,0.0,48.0,108.0,3.0,3.5,2.2,7.9,2.2,4223.0,POND,0
0.818498795721822,-2.467504479281788,-1.3400118289075864,-1.1725982244983737,-0.690197293762272,1.4273344156286445,15.0,23.0,7.6,25.0,1634.0,2.0,5.0,84.0,3.5,5.0,2.3000000000000003,7.0,14.855000000000002,4238.0,TANK,0
1.80517738200061,-2.9428789203057217,0.8546429374601062,0.6009467534742643,-0.1699998940394156,0.282994916891317,48.0,25.0,16.0,33.0,2164.0,8.0,17.0,920.0,5.6,0.3,2.3000000000000003,7.1,8.6,4703.0,TANK,0
0.877572769884975,-1.590970231226862,-0.4871311185243476,0.6471948736990606,-0.150458545969691,-0.7961132938268239,47.0,25.0,28.0,29.0,1440.0,4.0,11.0,540.0,1.8,0.3,1.2,7.1,4.2,3085.0,TANK,0
0.7889579836379794,-2.467590166221868,-1.3745722090494976,-0.7702501952661692,-0.9204008017456896,1.5644036934756718,9.0,24.0,5.0,26.0,2177.0,2.0,6.0,110.0,2.8,5.5,2.3000000000000003,6.9,14.855000000000002,4241.0,TANK,0
-1.802174263663756,-0.330069665581395,-1.024117353388888,0.8991372012784139,0.5899486747364863,0.5487860427034745,6.0,24.0,1.8,29.0,528.0,5.0,2.0,120.0,1.0,5.4,0.46,7.6,2.2,1447.0,TANK,0
0.6480824351030707,-2.3452466538923917,-1.7166618456756573,-0.8215214921846463,-0.8777861338201824,1.4783462782802856,14.0,24.0,3.5,25.0,2263.0,1.0,4.0,79.0,2.4,5.3,2.3000000000000003,6.9,13.14,4244.0,TANK,0
2.0743358465415347,-3.418077706020573,1.5022141770588195,-0.1880042043791616,-0.1259421190533372,0.4102786037466597,14.0,22.0,19.0,33.0,3294.5,11.0,5.0,150.0,7.05,4.2,2.3000000000000003,6.9,14.855000000000002,4233.0,TANK,0
0.5920362180482259,-2.437657500621859,-0.0447454806241815,-1.8046841352738452,-1.0986945709632754,0.9249742902668004,8.0,18.0,9.5,26.0,2280.0,8.0,5.0,130.0,3.4,5.2,2.3000000000000003,6.7,14.855000000000002,1780.0,TANK,0
2.3344900195611813,-3.0923525196700306,-1.067893925609275,-1.3019395738355397,-0.8430695176931982,0.0554415583796577,17.0,23.0,12.0,25.0,3294.5,2.0,8.0,150.0,6.6,4.2,2.3000000000000003,6.4,14.855000000000002,4243.0,TANK,0
0.2045498242961367,-1.781319360715587,-0.6172442822357118,-0.9608133899269148,-0.0379476561817204,-0.3423943767014107,7.0,19.0,10.0,25.0,3294.5,6.0,2.0,84.0,2.0,5.2,0.5,7.0,14.855000000000002,2348.0,TANK,0
0.994580527078199,-3.106114929848846,1.6499937360007717,-0.2642499106866851,-0.3858143728809216,1.117630573234273,8.0,20.0,11.0,33.0,3294.5,13.0,5.0,120.0,4.0,4.2,2.3000000000000003,7.1,14.855000000000002,4230.0,TANK,0
0.7797848474468532,-2.680064835386702,-0.0504244040683253,-1.680510358129338,-1.0095207250873148,0.8289281336477045,12.0,18.0,7.0,26.0,3230.0,8.0,6.0,58.0,3.0,4.8,2.3000000000000003,6.7,14.855000000000002,1783.0,TANK,0
0.8116190881967216,-2.701379243817972,-1.272632484818816,-0.7279388230090086,-0.185133828148236,1.7349882181006036,12.0,24.0,6.0,26.0,2199.0,2.0,8.0,94.0,3.0,5.0,2.3000000000000003,7.3,14.855000000000002,4242.0,TANK,0
1.8920101419597024,-3.081133486997791,0.0938192285350779,-0.0776746878096475,-0.371419624374137,0.7772658843012002,120.0,25.0,15.0,30.0,1526.0,5.0,11.0,540.0,5.0,0.3,2.3000000000000003,7.2,13.9,3071.0,TANK,0
1.181741801439394,-2.550322774823563,1.2412371523414616,1.0068498284411775,-1.058603995132317,0.6993862801941105,41.0,25.0,19.0,35.0,1596.0,10.0,7.0,540.0,2.6,0.3,2.3000000000000003,7.0,9.27,1788.0,TANK,0
0.4046025235329379,-2.334453332754155,-1.7105266153828231,-1.2480168123709725,-0.5701044374584049,1.829636558880504,10.0,23.0,4.5,24.0,1391.0,1.0,4.0,140.0,2.4,5.1,2.3000000000000003,7.2,14.855000000000002,4239.0,TANK,0
2.753545106605611,-3.663031496137248,-0.3446220985785796,-0.3469771486018273,0.0292071413952544,0.2788544395428204,110.0,25.0,14.0,28.0,3294.5,3.0,14.0,920.0,6.0,0.3,2.3000000000000003,7.1,14.855000000000002,2358.0,TANK,0
0.2367982192004407,-2.2012352919843927,-2.004042896191264,-0.9461500199953192,-0.2622943559482274,1.836658518010336,13.0,24.0,5.0,24.0,1555.0,0.0,2.0,58.0,2.1,5.6,2.3000000000000003,7.3,12.2,4245.0,TANK,0
-0.2490895462308386,-1.724493607172561,-0.8772153367715141,0.2925052294122419,0.297871780681495,0.9565295566197972,39.0,24.0,5.0,28.0,1651.0,4.0,4.0,540.0,1.2,3.2,1.2,7.6,9.72,4247.0,TANK,0
0.8245265498523837,-2.134412009976568,-0.2781989519109727,0.4981677231376358,-0.6797241034591307,0.4265063285009018,58.0,25.0,12.0,30.0,1618.0,5.0,14.0,540.0,2.0,0.3,1.8,7.1,8.47,4237.0,TANK,0
0.6520660304176761,-2.5248476354460436,-1.3856941272968464,-0.6964992393919763,-0.6449670964336222,1.7647880660849955,8.0,24.0,5.0,26.0,2296.0,2.0,5.0,63.0,2.2,5.5,2.3000000000000003,7.1,14.855000000000002,4240.0,TANK,0
-0.0225657263703596,-2.268882701490124,-1.532490114723204,-2.863279947348993,-0.1969351039813868,1.4947766953324042,10.0,17.0,4.8,20.0,1280.0,3.0,4.0,70.0,2.7,5.0,2.3000000000000003,7.3,14.855000000000002,1464.0,TANK,0
2.106857495370592,-3.0042279016519764,1.2217920949903185,0.910964308190238,-0.323739660675447,-0.0583947750312832,46.0,25.0,35.8,34.0,2746.0,9.0,8.0,540.0,2.8,0.3,2.3000000000000003,7.1,8.6,4228.0,TANK,0
0.6213381701180176,-1.893198713346662,1.357751120828003,1.120973921940979,-1.0025866777110508,0.1572344807888378,43.0,24.0,24.0,35.0,1110.0,11.0,11.0,540.0,1.6,0.3,1.8,7.0,6.59,4704.0,TANK,0
1.8343759395237385,-3.071647027473646,-0.0358264270016185,0.2896294758868386,-0.3081547979899137,0.5685497179184574,33.0,25.0,18.0,30.0,2960.0,5.0,2.0,1600.0,2.6,0.3,2.3000000000000003,7.2,11.12,2343.0,TANK,0
1.5752388616462878,-3.095659662850481,-0.9177149424221116,-0.9599653747884204,-0.1183084451436118,0.9509664052831972,9.0,23.0,8.0,26.0,3294.5,3.0,7.0,70.0,5.0,4.9,2.3000000000000003,7.0,14.855000000000002,4302.0,TANK,0
-0.4736075961498002,-1.9275208356791296,-0.8540261071258917,-2.266471212489056,-0.3006665080220987,1.4178701480797384,17.0,17.0,4.4,23.0,1256.0,6.0,6.0,58.0,2.7,5.7,2.3000000000000003,7.2,11.1,3086.0,TANK,0
-1.055880491786676,-0.6675433938200457,-0.7921155581697421,0.7794684431493631,0.4534523366486549,0.1710507986421318,2.0,24.0,11.0,29.0,844.0,5.0,2.0,280.0,1.1,4.9,0.32,7.5,6.02,3069.0,TANK,0
-1.4967562402510215,-0.5571068386189292,-0.8780614836285119,0.8991605399121633,0.6834070454387303,0.4128881615401621,17.0,24.0,3.0,29.0,566.0,5.0,2.0,220.0,1.0,4.0,0.36,7.7,3.82,3084.0,TANK,0
-2.2932570918891653,-0.043551993487371,0.5067154336236179,0.2545777173888642,-0.2667960373837763,0.3867897182478276,58.0,19.0,1.8,31.0,184.0,12.0,27.0,210.0,1.1,5.5,0.7,7.2,1.6,3391.0,LAKE,0
-1.3479963323416926,-0.7669740522280059,0.7588281753081658,-0.2834825247973173,-1.3527478478762065,0.946554899225824,63.0,19.0,1.8,31.0,190.0,12.0,38.0,240.0,1.2,5.2,0.9,6.9,12.7,4193.0,LAKE,0
-2.21807141477832,-0.0048723486935149,0.777221409286623,0.3783922146105875,-0.6810483243137078,0.2680425385890143,58.0,19.0,1.8,32.0,188.0,13.0,27.0,240.0,1.1,5.3,0.7,7.0,1.9,4192.0,LAKE,0
-2.1847191555571976,-0.1310282994802172,0.5094210618689634,0.1623212764308716,-0.5116669751225489,0.4939434100863807,63.0,19.0,1.7,31.0,199.0,12.0,26.0,240.0,1.1,5.5,0.9,7.1,1.9,1727.0,LAKE,0
-2.118356459531537,-0.0519460375256603,0.5186074230906765,0.1873558078133299,-0.6401470573031725,0.2731066311803546,63.0,19.0,1.9,31.0,199.0,12.0,32.0,280.0,1.2,5.2,0.8,7.0,1.7,4643.0,LAKE,0
-2.0857999073682154,-0.1830217719364184,0.5119553323083189,0.0865068255595336,-0.7354852110586991,0.5557622898524237,63.0,19.0,1.9,31.0,192.0,12.0,31.0,240.0,1.1,5.4,1.1,7.0,1.7,1728.0,LAKE,0
-1.9566094404819805,-0.2799322473933195,0.5520793659148301,0.0157912724050428,-0.7737797410266702,0.6526562304739311,84.0,19.0,2.2,31.0,191.0,12.0,41.0,350.0,1.2,5.3,1.2,7.0,2.4,4642.0,LAKE,0
-2.1058675732966416,-0.2784268141120273,0.5481153970206881,0.0772141716517517,-0.3779889023788524,0.75408649742603,70.0,19.0,2.1,31.0,189.0,12.0,41.0,280.0,1.2,5.6,1.1,7.2,2.3,4644.0,LAKE,0
-2.1944799849792274,-0.1758296618915687,0.82753047397449,0.3604100723311243,-0.3511353651608413,0.4540305113575424,47.0,19.0,2.1,32.0,184.0,13.0,26.0,210.0,1.2,5.1,0.8,7.2,2.0,3393.0,POND,0
-2.253345862473759,-0.0880235686977356,0.5219514014015818,0.2506024962757823,-0.2875751338980497,0.3637391846318193,63.0,19.0,1.9,31.0,189.0,12.0,17.0,280.0,1.1,5.3,0.7,7.2,1.8,4197.0,POND,0
-2.156668610622409,-0.1461170075942694,0.5200165461552304,0.1506149941785263,-0.4990441455415482,0.4829084516066184,63.0,19.0,1.9,31.0,189.0,12.0,26.0,240.0,1.2,5.5,0.9,7.1,2.0,4195.0,POND,0
-2.0528738512686275,-0.1908178189961582,0.2680898472597349,-0.0141881155690804,-0.4712068636145511,0.4241574163747424,48.0,19.0,2.1,30.0,223.0,11.0,26.0,220.0,1.2,5.3,0.9,7.1,2.3,3396.0,POND,0
-2.128023889559203,-0.2780657773711514,0.8344839562032035,0.2587133232199213,-0.3881725412537821,0.6843130072417362,63.0,19.0,2.3,32.0,193.0,13.0,33.0,280.0,1.3,5.5,1.0,7.2,2.5,3394.0,POND,0
-2.2196648207179095,-0.075773719242709,0.7982016846010147,0.3698132613121379,-0.5193892076786834,0.3706363098597421,58.0,19.0,2.2,32.0,191.0,13.0,25.0,240.0,1.1,5.4,0.7,7.1,2.4,4221.0,POND,0
-2.148318193140301,-0.0885481697798703,0.7978173074978481,0.3384828654289996,-0.7272761564087751,0.3345307668772057,63.0,19.0,1.8,32.0,189.0,13.0,26.0,240.0,1.1,5.1,0.8,7.0,2.1,4194.0,POND,0
-2.1153533851825403,-0.1306399610165578,0.2474493835786056,-0.0094250503060647,-0.4577596249200292,0.4504520394482874,63.0,19.0,1.9,30.0,179.0,11.0,31.0,240.0,1.2,5.5,0.9,7.1,2.0,3395.0,POND,0
-0.7101026617887832,-0.8823214787421697,0.9083140011364312,-0.0837728116211876,-1.6376947478233086,0.2783721789862818,84.0,20.0,5.6,32.0,212.0,12.0,48.0,350.0,3.1,3.1,1.8,6.5,3.5,4196.0,POND,0
-2.116192706160289,-0.0589685697446934,0.5226824692778519,0.2094802111005536,-0.651936313650543,0.2173724482667986,58.0,19.0,2.2,31.0,233.0,12.0,21.0,240.0,1.1,5.2,0.7,7.0,2.3,3392.0,POND,0
1.0938270633189764,2.1221073970078885,0.6483201274009022,-1.3805627076287863,2.8168503872381647,0.862641541174229,10678.0,16.0,5.5,26.0,3294.5,10.0,766.0,31301.25,4.5,7.6,0.51,7.7,2.61,1364.0,LAKE,0
-0.1805708331464627,1.0194596998660768,-0.5382083879540112,-0.2202190147699727,2.3803425744395605,1.2220529452191695,4300.0,22.0,5.2,27.0,511.0,5.0,766.0,7900.0,4.0,5.6,0.84,8.0,0.92,2499.0,LAKE,0
-0.8013014545647746,-0.9423161193774872,2.8045027197449084,-0.8744655709641228,1.269006943599504,-1.3570989488738503,356.0,13.0,18.0,32.0,650.0,19.0,45.0,1500.0,7.0,3.0,0.51,7.4,2.61,2501.0,POND,0
-0.5763809101304351,-0.8862424700721758,2.478993745080101,-0.8467544856185988,0.2301728544814025,-1.7645896502879217,356.0,13.0,18.0,31.0,1290.0,18.0,45.0,1500.0,4.5,0.9,0.51,7.0,2.61,2500.0,POND,0
-3.359429209747537,0.6824160378555341,-0.7106639645064665,-2.8102002168410856,0.69519092384498,-0.2823595237018894,120.0,10.0,1.8,20.0,240.0,11.0,63.0,220.0,1.2,8.4,0.32,7.3,0.4,3437.0,LAKE,0
-3.3127529523217185,0.7764150903239379,-0.95738084634134,-3.072822149008413,0.6196512174088031,-0.3750695465831775,130.0,10.0,2.2,18.5,460.0,11.0,94.0,280.0,1.0,8.8,0.32,7.2,0.4,1362.0,LAKE,0
-1.9618730166825136,1.9540589417398937,1.392122340232878,0.3553991575876799,0.1940083389379318,0.8408025366137637,2600.0,18.0,1.7,33.0,185.0,15.0,766.0,3300.0,1.2,7.7,0.3,7.1,0.63,2539.0,LAKE,0
0.9555830762996588,2.5111501503251348,2.033081667824512,0.7484695072169744,2.2600307458726396,1.0581788308418234,10678.0,21.0,14.8,34.0,710.0,13.0,766.0,31301.25,3.0,3.0,0.3,8.0,0.93,2505.0,LAKE,0
1.7103260600873629,2.4647454179332753,1.9749855320795031,0.4838853989960928,2.1292051577054125,0.340093874585733,10678.0,21.0,35.8,33.0,734.0,12.0,766.0,31301.25,2.6,3.3,0.3,7.8,1.5,2503.0,LAKE,0
-3.0390842423016595,0.9824770658074564,-0.497443281433637,-3.2029251673319363,-0.3080692573256223,-0.8799895037141883,1400.0,10.0,1.8,18.5,91.0,14.0,2.0,3300.0,1.0,6.6,0.3,6.8,0.3,4729.0,LAKE,0
-0.4382013894925258,3.7317474340327377,1.0766918531005485,-0.945022819636635,0.0637566025815358,1.08113841822141,10678.0,16.0,2.8,29.0,61.0,13.0,766.0,30000.0,1.2,6.6,0.3,6.9,1.51,2519.0,LAKE,0
-0.2370328322183419,3.157703151539535,1.5079538444841538,-0.2169441396404261,-0.6401213245466438,1.083212088887448,7000.0,18.0,2.8,32.0,140.0,14.0,766.0,31301.25,1.0,5.8,0.3,6.7,4.52,4720.0,LAKE,0
1.1597190086867837,2.7881515746726233,1.6723740046567372,0.4934283243035556,1.367898181401034,0.5796397477410661,10678.0,21.0,15.3,33.0,734.0,12.0,766.0,31301.25,3.4,3.7,0.3,7.4,0.6,2504.0,LAKE,0
-0.8466576737492425,2.783176379420803,1.0587613363598625,-3.0262337503214813,-0.5550870003138209,0.0008647397449866,7000.0,10.0,4.7,23.0,160.0,16.0,766.0,17000.0,1.8,6.0,0.3,6.5,5.56,2520.0,LAKE,0
-1.7242835691367109,0.6749311751555518,0.7851452056505043,0.8668770455865588,0.3671358983282629,0.292852992848142,790.0,21.0,4.3,33.0,334.0,12.0,330.0,2300.0,2.7,6.9,0.3,7.2,0.98,1765.0,LAKE,0
-1.2441075276521056,2.2981152495850967,1.9348454462686795,0.9323921087996164,0.3043802879439065,1.0362199183477427,4700.0,20.0,4.3,36.0,326.0,16.0,766.0,11000.0,2.8,9.0,0.3,7.0,1.06,2544.0,LAKE,0
-3.331515748710579,0.7781025751131563,-0.2825829093086898,-3.248434582554371,-0.1885364759041841,-0.7525582293469257,230.0,10.0,1.8,18.5,50.0,16.0,2.0,1600.0,1.0,7.2,0.3,6.9,1.13,2522.0,LAKE,0
-0.9544352484294004,1.3293985440665823,0.5067647043315786,0.7520381977625821,0.6804353847338861,0.5294057576572991,2300.0,22.0,4.5,32.0,426.0,10.0,700.0,3500.0,3.0,6.7,0.3,7.2,1.36,5163.0,LAKE,0
-2.893037008126603,1.41510370408055,1.2214622641057489,-2.0439566064376957,-0.1930913994667994,-0.0695408787396786,3300.0,10.0,1.2,26.0,38.0,18.0,70.0,11000.0,1.0,7.0,0.3,7.0,1.17,2521.0,LAKE,0
-2.4285698301199994,1.8043130717217448,0.9182441715285288,-2.7083007316925563,-1.3272781078103006,-0.80578387930452,5000.0,10.0,2.6,23.0,95.0,19.0,60.0,11000.0,1.0,6.3,0.3,6.3,1.19,4725.0,LAKE,-1
-0.013479503382481,-1.3299699147848298,-1.751832761049678,1.152670265881484,0.0664214593456462,0.1551546478188914,2.0,27.0,2.3,28.0,3294.5,1.0,2.0,1600.0,1.0,5.1,0.65,7.1,6.9,1790.0,LAKE,0
-1.0497459787690124,-0.5233265365951519,-1.2989390196894033,0.3654200256243621,-0.655521072928826,0.5947726153797435,29.0,24.0,2.3,28.0,1034.0,4.0,11.0,2400.0,1.3,5.9,1.16,6.9,3.36,2353.0,LAKE,0
-0.2467165065801143,1.3034911537222489,-0.4391857801687866,-0.3215877276695008,-2.2086918446403043,-1.762917669294218,2000.0,20.0,16.2,27.0,128.0,7.0,300.0,6400.0,1.0,2.2,0.1,5.800000000000001,1.7,2205.0,LAKE,0
-1.6632478561310855,1.149809234011323,1.3239212238290166,1.5830583610978626,-1.2188176781350264,-0.0254784278090189,1200.0,22.0,2.8,36.0,153.0,14.0,300.0,5300.0,0.9,5.1,0.1,6.6,1.4,2206.0,LAKE,0
1.7668397923297712,0.8792557569227237,1.8669612270656015,0.5238834450208382,-0.1097055422710432,-0.0640933745249435,3500.0,22.0,14.7,34.0,972.0,12.0,766.0,21000.0,4.5,0.7,0.8,6.8,5.7,1263.0,POND,0
0.1636788327112764,1.658229553019534,1.9503335691421932,0.6019333028710371,-1.764091139121997,-0.6205945844171006,2100.0,20.0,18.1,35.0,235.0,15.0,300.0,29000.0,2.2,3.5,0.5,6.1,1.9,2207.0,POND,0
-1.0218002650002642,1.8591044419351592,0.8654849026669265,-0.1527428076247478,-2.2458268121645166,-0.8308872748076574,1500.0,18.0,3.2,31.0,38.0,13.0,360.0,15000.0,2.0,5.0,0.1,5.800000000000001,2.5,2208.0,POND,0
-0.6810795636694776,2.2373446390515883,0.7582772037079869,0.3022719506875672,-2.220076258428613,-0.6174856992635337,2800.0,20.0,4.1,32.0,38.0,12.0,360.0,21000.0,1.9,5.2,0.1,5.800000000000001,1.7,2209.0,POND,0
-1.5216152822743114,1.099719125751678,0.4934317025418206,0.7573471358215805,-0.8580073260622028,-0.1838272291096117,1500.0,21.0,4.8,32.0,81.0,11.0,300.0,4400.0,1.1,5.1,0.1,6.7,1.9,2210.0,POND,0
-0.7115350615090328,0.1365919406095723,-0.0217448903704857,0.1206922431873684,0.3049592546257871,0.4388294579087157,720.0,22.0,12.7,30.0,264.0,8.0,300.0,4400.0,3.8,7.2,0.9,7.1,3.4,2211.0,POND,0
-1.5012081164527642,1.2091607439193213,0.1577572461364129,0.1346457292271803,-0.1531683691245132,-0.096954064029575,2000.0,20.0,6.2,30.0,92.0,10.0,360.0,3600.0,2.8,7.4,0.2,6.8,1.2,2212.0,POND,0
-0.8237187692914826,0.106699305712495,0.7587810779274806,0.0383338639930349,0.7353633217917391,-0.100373797761131,910.0,20.0,18.8,31.0,246.0,11.0,300.0,1500.0,4.5,7.0,0.7,7.2,2.1,2213.0,POND,0
-0.1131227647146441,0.7926502342249901,2.121339323160845,1.7690162646585863,-1.7246295310522433,-1.3013214100502573,2000.0,23.0,18.9,38.0,44.0,15.0,300.0,4400.0,3.3,2.6,0.2,6.1,1.3,2214.0,POND,0
0.2076438552465972,1.752004799968898,0.93603947929791,1.0369899011060093,-2.533666575357042,-0.4416093828058774,2100.0,23.0,4.8,34.0,79.0,11.0,300.0,29000.0,1.2,1.2,0.5,5.9,1.7,2215.0,POND,0
-0.8279373234661958,0.0390881277609921,0.4217337416813914,0.7622067349654147,1.1943340253206407,0.8284201101353005,1500.0,23.0,15.5,32.0,220.0,9.0,300.0,4400.0,3.0,6.4,0.8,7.7,2.9,2216.0,POND,0
1.2062337200858488,2.389390474326192,1.3821202838937905,-0.7230891178863148,-0.5769253874735073,1.4914683949433891,10678.0,19.0,6.2,31.0,417.0,12.0,700.0,31301.25,2.8,3.7,1.6,6.7,3.0,2217.0,POND,0
0.1720664623264139,-0.0872311603001146,0.6362171039867273,-0.234608260514691,-2.188496188369019,0.3209734320010761,2000.0,21.0,7.2,31.0,313.0,10.0,300.0,3600.0,2.4,4.5,0.7,6.2,14.855000000000002,2218.0,POND,0
0.4981932438182616,0.6855694625881945,1.442019186080769,0.7341609427725246,-0.7006695630886415,-0.5440445051803801,1500.0,22.0,14.2,34.0,237.0,12.0,300.0,21000.0,4.2,1.9,0.7,6.6,1.8,2219.0,POND,0
-0.978988737227954,0.7944154732308276,0.7919347693321455,0.8055915765727453,-2.7694269501978495,-0.1338578629633748,730.0,22.0,2.9,34.0,48.0,12.0,300.0,2700.0,1.6,5.2,0.7,5.800000000000001,4.5,2220.0,POND,0
-0.7371621354803967,1.1298101194887846,1.1051572343929656,1.3932543412837513,-0.8273779125825358,-0.018575459883827,2700.0,23.0,4.8,35.0,176.0,12.0,300.0,12000.0,2.2,3.9,0.3,6.7,1.4,2221.0,POND,0
-1.279294781873238,1.1238483134234292,1.1371675465030446,1.6766414117757191,-2.089898989418151,-0.6375615837827522,730.0,23.0,7.6,36.0,28.0,13.0,300.0,2400.0,1.0,4.5,0.1,6.1,1.4,2222.0,POND,0
-0.752396346427891,0.7176083559464207,1.2574300575462556,0.9084072696459552,-1.7985003990004416,0.5565550278677083,3500.0,22.0,6.1,35.0,58.0,13.0,300.0,4400.0,1.4,4.7,1.0,6.4,4.1,2223.0,POND,0
-0.5901811738783512,0.822127045015882,1.4134953760805915,1.2663402936210646,-1.316613829960476,0.8136724717837162,2000.0,23.0,7.9,36.0,94.0,13.0,300.0,15000.0,1.1,4.6,0.8,6.7,5.1,2224.0,POND,0
-0.057963400359983,1.7745900488154156,-0.7754138868104705,-0.1692255267772499,-0.2692533430637839,-0.2556776037442653,1500.0,22.0,8.1,27.0,136.0,5.0,300.0,31301.25,2.8,4.7,0.2,6.7,1.4,2225.0,POND,0
-1.2000987616312608,2.159079750798098,1.36186094576923,-0.1061917269821119,-1.7221885674071882,-0.5286016765340729,2000.0,17.0,4.2,32.0,42.0,15.0,300.0,24000.0,1.7,5.3,0.1,6.1,1.1,2226.0,POND,0
-1.5470063770899898,1.1348476403823584,1.401171499275403,-0.0111314378780945,-0.9794525975050468,-0.2858230090571638,1100.0,17.0,4.8,32.0,206.0,15.0,360.0,7500.0,1.5,4.7,0.3,6.6,2.1,2227.0,POND,0
-0.7771265658972333,1.8210227640939871,-0.0651025936697923,-0.0673543896344473,-1.4235296436155227,-0.4429262306469434,1100.0,20.0,3.0,29.0,395.0,9.0,360.0,21000.0,1.6,5.3,0.1,6.2,2.3,2228.0,POND,0
-1.0528490636832313,0.3422042590541861,0.2680439192741798,0.1966497036635134,-1.5052507068803649,0.1162942895354093,360.0,21.0,3.0,31.0,77.0,10.0,300.0,1500.0,2.2,4.5,1.1,6.4,1.8,3772.0,POND,0
0.5196100919165076,1.2355347644827104,0.2111042266801796,0.5828475855021596,-0.4160551548346727,0.5399253189023495,3600.0,24.0,6.6,31.5,321.0,7.5,300.0,29000.0,3.4,4.0,0.8,6.8,3.1,3809.0,POND,0
-1.0081278668817646,0.620196762395088,-0.4377764531989295,-0.2956272095703657,0.3216878210577419,-0.3352342155537209,1400.0,20.0,4.1,27.0,165.0,7.0,360.0,2800.0,3.0,4.0,0.3,7.1,1.6,3806.0,POND,0
-1.6932626038547909,1.3105862298511586,0.7042375252129619,0.0283822609953961,-2.20997922756985,-0.9571802823959384,620.0,18.0,3.0,31.0,36.0,13.0,300.0,2000.0,1.4,5.2,0.1,5.9,1.8,1532.0,TANK,0
-0.0891868592437847,3.58183915880156,1.4093685464127588,0.1876374742174216,0.7822931739912952,0.8908790680417552,10678.0,19.0,2.8,32.0,325.0,13.0,766.0,31301.25,2.1,5.4,0.0,7.2,0.0,2557.0,LAKE,0
-0.2442441291268975,3.242543089182587,2.077024884045775,0.4317140607116538,0.5511725487255812,0.6197860855729773,10678.0,18.0,2.8,34.0,1190.0,16.0,766.0,24000.0,2.1,6.2,0.0,7.0,0.0,2571.0,LAKE,0
-0.1226422862105862,3.5253771069554207,2.150548017250427,0.3258215308227123,0.7406300686715453,0.8081361425801378,10678.0,18.0,3.2,34.0,748.0,16.0,766.0,31301.25,2.6,6.2,0.0,7.1,0.0,2573.0,POND,0
-0.3132824944817421,3.4996557661743046,1.8735506999004732,0.2095976597044642,1.2329979186495048,1.0891169047247955,10678.0,18.0,3.0,33.0,600.0,15.0,766.0,31301.25,2.3,6.4,0.0,7.4,0.0,2574.0,POND,0
0.588027877219985,1.880703460015108,2.749419677572293,-1.032103540621166,-0.3125847590067494,-0.7505482421993211,10678.0,14.0,35.8,32.0,244.0,18.0,2.0,31301.25,3.0,5.1,0.28,6.7,5.2,2046.0,LAKE,0
-1.623091440625077,0.2193481058688866,-0.6147700586069627,0.6437930599849303,0.0941244465941421,-0.65893478613677,356.0,22.0,5.35,29.0,790.0,7.0,45.0,260.0,2.2,5.8,0.0,7.0,0.47,3163.0,LAKE,0
-1.7763981960560316,0.203548108399042,-0.6298814403334014,0.66467281852414,0.4768783476499657,-0.4358421850943556,356.0,22.0,5.35,29.0,790.0,7.0,45.0,460.0,2.2,6.4,0.0,7.2,0.37,3164.0,POND,0
-1.107571344268533,1.999082036050741,0.1004865306845023,2.087932131383683,-1.7833730476846446,0.1524706212287379,7900.0,26.0,1.5,35.0,337.0,9.0,8.0,13000.0,0.0,6.1,0.0,6.3,0.16,1549.0,LAKE,0
-0.6152503089535069,1.909030319073103,-0.461994212201325,1.7545579671933458,-2.5727321035813087,-0.5362233611708815,4900.0,26.5,2.2,33.0,77.0,6.5,220.0,9200.0,0.5,4.4,0.0,5.800000000000001,0.83,2269.0,LAKE,0
-1.7388698316502171,0.791238392107012,-0.9830806018589964,1.9675224440574952,-1.9684353768449248,-0.4638310543130727,130.0,27.0,2.0,32.5,100.0,5.5,8.0,540.0,0.4,6.1,0.01,6.2,0.42,3175.0,LAKE,0
0.5058327076415862,2.4881140581548977,0.888557234050262,1.7501526688969655,-1.4998731291840188,-0.0434006413068748,7900.0,25.3,6.0,35.0,324.0,9.7,766.0,11000.0,0.6,1.9,0.03,6.3,2.43,3176.0,LAKE,0
-0.1837465601850866,2.0305786926805336,0.5321062381086276,1.1861629403004603,-1.4400642717489092,-0.3350407278987141,7900.0,23.3,5.1,33.0,235.0,9.7,110.0,22000.0,1.0,2.8,0.0,6.4,1.24,3177.0,LAKE,0
0.4667045801759754,3.0078701515730355,1.2545030648697355,2.3429372912794513,-2.020549834923867,-0.021816102605976,10678.0,26.5,9.9,38.0,417.0,11.5,200.0,31301.25,1.0,4.7,0.0,6.0,0.19,3178.0,LAKE,0
2.576602993557526,2.5977250500037057,0.3849198832874358,0.7860419993561913,-1.4242159449950853,0.3526463161267352,10678.0,26.0,12.0,31.5,380.0,5.5,766.0,31301.25,1.1,0.0,0.0,6.4,11.57,3179.0,LAKE,0
0.348180284309745,1.6668411529520086,1.3916644194990468,2.4139122958981996,-2.6564978664604206,-0.9893341236605386,7900.0,26.0,10.4,38.0,594.0,12.0,130.0,13000.0,0.9,1.5,0.0,5.800000000000001,1.48,3180.0,LAKE,0
0.786702497712148,-2.0717537864343365,2.407414498771672,2.54036891921567,3.4040206784296716,-1.4107857445147054,48.0,25.0,35.8,38.5,3294.5,14.0,9.0,540.0,7.05,4.2,0.19,8.2,0.41,1343.0,LAKE,0
0.2229644483208055,-0.8330159307199995,-0.2298661158054364,1.0675965722216807,1.4780099017891986,-1.6223925765084322,94.0,25.0,31.0,30.0,543.0,5.0,5.0,540.0,5.0,2.6,0.09,7.5,0.51,1344.0,LAKE,0
-2.6637379814265363,0.4820664840015938,-0.629040933453374,0.8918475111209079,-0.0657108994076916,0.2462178840609502,4.0,22.0,0.9,30.0,350.0,8.0,2.0,21.0,0.2,7.6,0.04,7.2,0.9,1345.0,LAKE,0
-0.3291679154217239,-0.8095025912092151,-0.2457484030591231,1.8960113743709617,-0.5509431114721175,-1.333663927170398,26.0,25.0,2.5,32.0,3294.5,7.0,4.0,63.0,0.8,1.6,0.08,6.7,1.1,1346.0,LAKE,0
0.8828974524418766,-1.5478313784274462,-0.428778909170834,1.456389963634593,2.581224353153882,-1.7781417361794492,40.0,26.0,35.8,30.0,3294.5,4.0,5.0,110.0,5.0,5.0,0.1,7.7,0.39,1972.0,LAKE,0
0.5533286532438445,-1.6684621702246134,2.917313911753859,1.704491471669182,1.011011603869383,-1.690789134659305,49.0,21.0,35.8,38.0,2991.0,17.0,4.0,84.0,4.1,3.4,0.03,7.3,6.48,1973.0,LAKE,0
-0.7763269711722682,-0.1226175377243342,-0.3933127593758329,0.4942338376680404,-0.3057739060152178,-1.6383598384020008,9.0,22.0,10.8,29.0,860.0,7.0,2.0,24.0,4.1,4.1,0.01,6.6,0.38,1975.0,LAKE,0
0.3743923273701367,-0.5558011218523453,-0.8961788374638301,0.1028745018184646,0.3632037554820504,-2.575181664699787,8.0,22.0,35.8,26.0,1980.0,4.0,7.0,22.0,3.1,3.8,0.0,6.7,0.36,1976.0,LAKE,0
0.5826694748217117,-2.2150190189753243,1.7611339492416935,1.702140019193357,2.230427221818602,-0.6886257161467717,26.0,23.0,35.8,35.0,3294.5,12.0,4.0,63.0,1.9,2.5,0.24,8.2,8.2,1977.0,LAKE,0
-1.6743429762937183,-0.0427510205084662,-1.8032122083518536,2.118825429697792,0.6730025397174237,0.3696422697610179,4.0,29.0,1.1,30.0,124.0,1.0,4.0,21.0,0.4,4.1,0.0,7.7,0.56,1978.0,LAKE,0
-1.781629580986145,-0.0293222264878951,-0.9136171833044824,1.714311733759504,0.6166628772934873,0.0497560214381735,7.0,26.0,2.7,31.0,450.0,5.0,2.0,33.0,1.5,5.2,0.04,7.5,0.08,2075.0,LAKE,0
-1.82553911792731,-0.2763161344983212,-1.0065177585979173,1.8570438115595933,1.214671821880848,0.3362250386668161,23.0,26.0,1.2,31.0,1770.0,5.0,8.0,49.0,1.0,7.0,0.06,7.7,0.27,2076.0,LAKE,0
-1.8768462423316348,0.1418754835560304,-0.6670277301632527,2.1705439883783093,0.1100414032382129,0.242004340658368,79.0,27.0,1.9,33.0,476.0,6.0,12.0,120.0,1.0,6.1,0.0,7.3,0.92,2077.0,LAKE,0
-1.5504496303296214,0.101193240657125,-1.3853130640038724,0.9396559662832727,0.0086641932114414,-0.6112550710670028,7.0,24.0,4.8,28.0,1190.0,4.0,7.0,14.0,1.1,5.7,0.0,7.0,0.17,2078.0,LAKE,0
-1.6471536259713129,-0.4907394847567239,0.8812922232736691,2.3550726862523432,0.4999285418728055,-0.1179787437070883,2.0,24.0,3.7,36.0,2370.0,12.0,2.0,2.0,0.7,5.3,0.07,7.4,0.62,3197.0,LAKE,0
-1.722261469770449,-0.2322086422294437,1.2900568106667023,2.3883128946599648,-0.245455390424373,-0.2460667532178261,26.0,24.0,2.7,37.0,621.0,13.0,4.0,70.0,0.7,2.0,0.04,7.3,0.86,3198.0,LAKE,0
0.6052837950515556,-2.0060517672487688,0.6584050318517722,1.2711693087567468,-0.6846109589525502,-0.2471187281108458,9.0,24.0,11.0,33.0,3200.0,9.0,4.0,24.0,0.7,1.2,0.71,7.0,11.8,3199.0,LAKE,0
1.8823312101613692,-2.389826482782932,-0.170436355749778,1.572995787014159,3.5919617863968827,-2.141056161020766,43.0,27.0,35.8,30.0,3294.5,3.0,11.0,220.0,7.05,0.5,0.18,8.2,0.53,3200.0,LAKE,0
1.5461397529135978,-2.2240181286000857,-0.0424707510544831,1.389741550009921,3.604295503488076,-2.0134367683564975,25.0,26.0,35.8,30.0,3102.0,4.0,7.0,170.0,7.05,1.6,0.18,8.2,0.35,3201.0,LAKE,0
-0.8588659996914862,-0.4959396093557048,-0.928238406824888,1.6454866800998935,0.5280724569394949,-0.7433546855043621,17.0,26.0,8.0,30.0,1268.0,4.0,2.0,50.0,1.2,2.1,0.0,7.4,0.58,3202.0,LAKE,0
-1.741151394827088,0.0541092864396277,0.0681822214245138,2.064695246470937,-0.1337127194932807,-0.2274252977909296,48.0,25.0,2.0,34.0,1073.0,9.0,26.0,177.0,1.1,5.1,0.01,7.1,0.11,1979.0,POND,0
-1.6152710687902931,0.8842481442728236,-0.4896636219151617,1.361562079182911,-2.4480045615192347,-1.0359561543639937,542.0,24.0,2.3,32.0,552.0,8.0,17.0,542.0,0.9,6.0,0.03,5.800000000000001,0.09,2079.0,POND,0
1.0961643992832883,-1.653453170383729,-0.195870425130247,0.5987741322425817,0.832651988361396,-0.6751560707795319,70.0,26.0,29.0,30.0,422.0,4.0,2.0,170.0,6.0,4.2,0.05,7.4,14.855000000000002,1971.0,TANK,0
-1.5829918591073886,1.1196753625469276,-0.6425906401585247,0.6309998716317003,-0.2786362893480693,-0.2211459741413114,1750.0,22.0,2.8,29.0,557.0,7.0,170.0,8400.0,0.8,5.7,0.0,6.9,0.04,1349.0,LAKE,0
-1.381574501858919,0.7712493528486314,-0.5155776330028823,0.5688809713677069,0.38376115538963,-0.3766689015661293,1200.0,22.0,5.0,29.0,566.0,7.0,200.0,5800.0,2.4,5.8,0.0,7.1,0.0,1392.0,LAKE,0
-3.639607675721805,0.4854211082727151,0.2844005444769759,-1.939992429377973,1.1104160082840906,0.0029646020950911,120.0,10.0,0.4,24.0,572.0,14.0,27.0,920.0,0.2,7.5,0.1,7.7,0.96,1291.0,LAKE,0
-2.9614560092504076,0.4683248836262388,-1.505511704728524,-2.036264868185411,0.6088258759760307,-0.404060565623828,13.0,13.5,0.8,20.0,352.0,6.5,5.0,280.0,0.1,6.3,0.04,7.4,1.45,1292.0,LAKE,0
-2.258820575780571,0.4666064734320916,-0.2562963387764798,-1.6722782993974776,-1.0481929081798476,-1.3025986084039916,91.0,13.0,2.6,24.0,886.0,11.0,21.0,63.0,1.2,5.3,0.24,6.4,0.75,1429.0,LAKE,0
-1.992137891719432,0.2442492604441299,2.06081536310771,-0.9319484058585744,0.3948713459453307,-1.2858049357490131,210.0,12.0,22.0,30.0,288.0,18.0,94.0,1600.0,2.0,4.5,0.0,7.2,1.79,2649.0,LAKE,0
-2.2607356415002493,0.5343315798486311,-1.1448172525360838,-3.0924909461064964,0.1273142428659925,-1.608937650930365,38.0,10.0,8.0,18.5,133.0,7.199999999999999,17.0,950.0,2.8,5.9,0.0,6.8,1.53,2650.0,LAKE,0
-3.1442013990053805,0.2543974034625531,2.0787257571041353,-1.932690342737413,-0.1368921822756283,-0.2203551756526457,356.0,10.0,2.1,27.0,231.0,23.0,45.0,1500.0,1.0,5.2,0.51,7.2,2.61,1309.0,LAKE,0
-3.0341842102575165,0.5680749992426521,1.0144082796357965,-1.8094943642591548,0.716503292168001,-0.7487518497563286,356.0,10.0,6.0,26.0,264.0,16.0,45.0,1500.0,2.3,6.9,0.01,7.3,0.54,2738.0,LAKE,0
-2.8814321408640007,0.284581383402215,1.138643247989879,-1.8196123928726171,1.213921750283547,-0.6116315172528958,356.0,10.0,8.0,26.0,270.0,16.0,45.0,1500.0,2.4,6.1,0.11,7.6,0.79,2739.0,LAKE,0
-1.9613685635737113,-0.0720247038436755,1.8452403777290811,-1.997280741786881,1.6871909724904937,-1.4884400717095303,356.0,10.0,13.0,27.0,258.0,18.0,45.0,1500.0,7.05,6.4,0.02,7.4,1.0,2740.0,LAKE,0
-1.925675287331121,-0.1777682939445188,1.9342114433597035,-1.9302718410636923,2.1186943713951907,-1.3982245695932447,356.0,10.0,21.0,27.0,262.0,18.0,45.0,1500.0,6.0,6.2,0.02,7.7,1.2,2741.0,LAKE,0
-2.4912679423244866,-0.0535854756075826,2.424539910208041,-1.7680566097486508,-0.3944734974017201,-0.7995560487662735,356.0,10.0,4.8,27.8,368.0,23.0,45.0,1500.0,1.1,2.0,0.51,7.1,2.61,3251.0,LAKE,0
-3.2620144536193783,0.2084462333864978,2.0765141703397565,-1.9130481987537635,0.2454742602262468,-0.0232401214082941,356.0,10.0,2.5,27.0,250.0,23.0,45.0,1500.0,1.0,5.7,0.51,7.4,2.61,3252.0,LAKE,0
-1.9815251657077124,-0.4028833354783827,2.786948926292832,-1.703863024349608,0.2552557806418846,-1.058170303527299,356.0,10.0,6.3,29.0,496.0,23.0,45.0,1500.0,3.8,2.2,0.51,7.2,2.61,3253.0,LAKE,0
-3.3387171206781026,0.3092366850844912,2.167051426519078,-1.7581148399114994,0.0720478173134232,0.0438043949355088,356.0,10.0,2.8,28.0,236.0,23.0,45.0,1500.0,1.0,6.5,0.51,7.3,2.61,3254.0,LAKE,0
-2.792793491190303,0.1150662293025463,1.9850943073066116,-1.7126074000472709,-0.0273855577380692,-0.3583705578690779,356.0,10.0,5.3,28.0,407.0,20.5,45.0,1500.0,1.3,5.0,0.51,7.2,2.61,3256.0,LAKE,0
-2.2841625332405013,-0.1573229549206744,2.488341055602549,-1.9127715766121436,0.3861997339791064,-0.8394386538035808,356.0,10.0,10.4,28.0,440.0,22.8,45.0,1500.0,3.5,4.8,0.51,7.2,2.61,3257.0,LAKE,0
-2.492014820080966,-0.0729405050160173,2.296604898777067,-1.850039665650491,0.2756240745263967,-0.6319286254350434,356.0,10.0,6.6,28.0,464.0,22.0,45.0,1500.0,3.0,5.0,0.51,7.2,2.61,3258.0,LAKE,0
-2.658436164158952,0.0184091148064183,2.3380574443665387,-1.8045318553174776,0.0544616119870234,-0.5513225272640959,356.0,10.0,6.5,28.0,352.0,22.6,45.0,1500.0,2.0,4.5,0.51,7.2,2.61,3259.0,LAKE,0
-3.2881626961506116,0.2123870536533682,2.2021313117664385,-1.73313053924022,0.2606835874392311,0.0529997166349041,356.0,10.0,3.0,28.0,342.0,23.0,45.0,1500.0,1.0,6.2,0.51,7.4,2.61,3260.0,LAKE,0
-3.11047256255182,0.1850820628872248,2.261315551855304,-1.7442215156022476,0.0211544145746294,-0.1608850366074161,356.0,10.0,3.5,28.0,235.0,23.0,45.0,1500.0,1.0,5.1,0.51,7.3,2.61,3261.0,LAKE,0
-3.097008598980171,0.1611063122907719,2.4016482824272765,-1.5884787813477728,0.0904174508844712,-0.1089903404448176,356.0,10.0,3.3,29.0,303.0,23.0,45.0,1500.0,1.4,5.6,0.51,7.3,2.61,3262.0,LAKE,0
-2.7024654881353793,-0.082248878868553,0.917084468099265,-2.4106799589540877,0.7400930541859018,-0.320886656876435,356.0,10.0,2.6,23.3,282.0,16.8,45.0,1500.0,1.3,3.6,0.51,7.6,2.61,3263.0,LAKE,0
-2.3279539650269503,-0.2684461643434121,1.484969561243896,-2.2569092312456465,0.5798851144863021,-0.6964141997469027,356.0,10.0,4.1,24.6,300.0,18.6,45.0,1500.0,2.0,2.0,0.51,7.5,2.61,3264.0,LAKE,0
-2.4017565873970925,-0.0902521506573589,0.9736021286276824,-2.524111512811829,0.4527652277658323,-0.6981865587895267,356.0,10.0,6.1,23.0,230.0,17.0,45.0,1500.0,1.6,3.0,0.51,7.4,2.61,3265.0,LAKE,0
-2.792051090728016,-0.0142837689753534,2.174467639127748,-1.8219263816221256,0.3380210574556104,-0.3411743936129436,356.0,10.0,4.7,27.6,240.0,21.8,45.0,1500.0,1.8,4.3,0.51,7.4,2.61,3266.0,LAKE,0
-2.698130735242141,0.0515496608589841,2.6610781458965733,1.0154150176244792,-0.3295904017371129,0.5845490547870318,356.0,17.0,2.0,37.5,790.0,20.5,45.0,1500.0,1.0,6.9,0.51,7.2,2.61,2394.0,LAKE,0
-3.1609277511409957,0.6516282560183246,2.1615864840418526,-0.8015653095535383,-1.10262674460175,-0.0682830603347741,356.0,11.5,6.4,32.0,292.0,20.5,45.0,1500.0,0.2,7.5,0.6,6.7,1.2,2398.0,LAKE,0
-1.443492115244284,-0.6196357299420785,1.406619319046721,1.7071653316350306,0.6385640206500641,0.4507463701347345,356.0,23.0,2.7,36.0,340.0,13.0,45.0,1500.0,2.7,3.0,0.51,7.7,2.61,2393.0,POND,0
1.0745357346003783,1.9270498741765316,0.7969527978542805,2.0742509910317097,0.7061427746434907,1.3222616202864337,10678.0,28.0,8.0,36.0,666.0,8.0,330.0,31301.25,3.0,4.2,0.55,7.4,2.0,1388.0,LAKE,0
-0.2227644627811048,-0.0766695412160711,-0.8949890765481325,0.2731565426192883,1.173910765061904,0.2093638626943945,1700.0,23.0,5.7,27.0,1596.0,4.0,330.0,6300.0,2.0,4.0,0.24,7.6,5.8,1446.0,LAKE,0
1.8468511092366704,0.6034706545830566,1.427982102500705,0.4579357186872751,0.5082303640173493,-2.1180417211925384,2600.0,21.0,24.8,32.0,2540.0,11.0,766.0,7000.0,6.5,2.8,0.1,6.4,1.38,3582.0,LAKE,0
-0.0951574694280023,1.04078745422727,0.3470318872184296,1.1244897811905072,1.4007087277405526,0.1304900853355982,1700.0,24.0,9.0,32.0,950.0,8.0,766.0,6300.0,4.0,5.2,0.2,7.4,0.68,3583.0,LAKE,0
2.2916020632401017,0.5403115686854068,0.522339912808161,0.4177827470579204,1.24356228652765,-1.3815854560161764,4300.0,24.0,24.0,30.0,1174.0,6.0,766.0,8400.0,7.05,1.1,0.13,7.0,4.2,3584.0,LAKE,0
2.078938630350641,0.1948666011342015,1.4001979288376554,1.2283470622533756,1.422773896155618,-1.0287498559192774,2700.0,25.0,24.6,34.0,1241.0,9.0,766.0,8400.0,7.05,1.2,0.3,7.2,3.54,3585.0,LAKE,-1
0.5561658523356522,0.755557368906268,0.5890458581420329,1.1668324562268555,1.716596580714519,-0.3645214751701784,2300.0,24.0,15.6,32.0,1334.0,8.0,766.0,6300.0,4.2,3.3,0.15,7.5,0.63,3586.0,LAKE,0
0.065284848435028,0.7062717840476255,0.5114778991140165,1.1932195881796823,2.2834885972417727,0.3008968412876263,2100.0,24.0,10.8,32.0,1109.0,8.0,766.0,6300.0,4.0,4.0,0.24,7.9,0.6,3587.0,LAKE,0
0.6410415893932118,0.7315485144104826,-0.6131389609163201,-0.8711399000762762,-0.2664091787710203,0.2477130072751739,4900.0,21.0,5.0,26.0,600.0,5.0,210.0,22100.0,4.0,4.2,0.7,6.8,7.49,3591.0,LAKE,0
2.131415314448798,2.7088058786745366,2.4275515812092903,0.6177674183487021,-0.7451738163560158,-0.268868030953364,10678.0,21.0,25.0,35.0,664.0,14.0,766.0,31301.25,2.0,0.7,0.31,6.5,4.57,3592.0,LAKE,0
1.0407281431830295,2.125880426509491,0.9208556098116456,1.9087557343620185,-0.1671545775408825,0.7665877348331246,10678.0,27.0,8.0,36.0,666.0,9.0,270.0,31301.25,3.0,4.2,0.41,6.9,2.0,3593.0,LAKE,0
4.079253798026723,1.684876335914183,-0.1099468255350685,0.3087413027717097,0.258741017325861,-0.2812762181470246,10678.0,27.0,35.8,29.0,1406.0,2.0,766.0,31301.25,4.0,0.6,1.0,6.7,4.9,3602.0,LAKE,0
4.317809816579797,1.1906868068331304,0.8498413601258954,0.914312494231391,0.1626346110778257,0.4333883035427223,10678.0,28.0,35.8,33.0,1894.0,5.0,766.0,31301.25,4.0,1.8,1.1,6.8,10.0,3608.0,LAKE,0
4.108409054018037,1.361559816796945,0.9896699785764368,0.5847909017965593,1.5273223673160392,-0.3389075410729706,10678.0,26.0,35.8,32.0,2210.0,6.0,766.0,31301.25,7.05,3.1,0.85,7.0,4.4,3610.0,LAKE,0
1.4715539717571904,1.8971949793447065,-0.91778153729376,0.7783997492344851,0.5235775093055568,0.9836751782409664,10678.0,27.0,12.0,29.0,1025.0,2.0,330.0,31301.25,2.0,4.1,0.76,7.2,2.2,3611.0,LAKE,0
1.589929228479381,2.146891060548353,-0.9143051345149812,0.8372119075424789,0.778831549803494,1.008023275958614,10678.0,27.0,11.0,29.0,1528.0,2.0,490.0,31301.25,2.0,4.9,0.6,7.2,2.4,3612.0,LAKE,0
3.894572298365228,0.9839914713378644,0.1329208275190906,0.2086641331077475,0.1639569995936115,1.2454681844989677,10678.0,27.0,12.0,30.0,1719.0,3.0,766.0,31301.25,4.5,1.0,1.0,7.0,14.855000000000002,3614.0,LAKE,0
3.184344229958496,1.7633250257850874,-0.4037520637769305,0.5022265630025162,0.870584774516271,0.4179696256325494,10678.0,27.0,11.6,29.0,1727.0,2.0,766.0,31301.25,5.0,1.1,1.0,7.0,2.3,3615.0,LAKE,0
3.5249650878327596,1.705784216176741,-0.2505082658201736,0.5356050237799771,0.0777379868180508,0.7993360084320186,10678.0,28.0,21.0,30.0,1313.0,2.0,766.0,31301.25,3.9,2.7,0.84,6.8,9.9,3616.0,LAKE,0
3.8323532114156738,1.2065629483741942,0.0979379086646988,0.2852969947304067,0.0429901237816425,0.9967264010878512,10678.0,27.0,16.0,30.0,1726.0,3.0,766.0,31301.25,4.0,1.5,0.8,6.9,14.6,3617.0,LAKE,0
2.5481240029903645,2.406818742923472,-0.1989111073391243,0.3860615836829119,0.0603104182357722,0.3012851175361772,10678.0,25.3,19.0,29.0,1206.0,3.6999999999999993,766.0,31301.25,2.0,1.5,0.7,6.8,3.0,3618.0,LAKE,0
2.369619042287745,2.520602896898207,-0.3918857025051818,0.1098779606596009,-0.9605830817987232,0.4569232410841807,10678.0,25.1,12.0,29.0,1179.0,3.8999999999999986,700.0,31301.25,3.0,3.7,1.0,6.2,3.3,3620.0,LAKE,0
2.2961033263900985,1.1921004600898146,-0.3938992677596515,-0.1420903446208294,-1.4128063067863217,1.2744679403929695,10678.0,25.0,10.5,29.0,1540.0,4.0,270.0,31301.25,2.0,5.0,1.0,6.4,14.3,3621.0,LAKE,0
3.499413537704833,1.8701038603304776,0.1029570435450087,-0.0794063532975502,0.0415149681452057,0.3358681502916274,10678.0,25.2,35.8,29.0,1307.0,3.8000000000000007,766.0,31301.25,3.0,3.3,1.0,6.7,8.0,3622.0,LAKE,0
2.764120874329575,1.9938305391482671,-0.2967961013531765,0.505919505799372,-0.0956874345904674,1.2190685814799935,10678.0,27.0,11.0,30.0,1400.0,3.0,766.0,31301.25,3.0,3.5,0.85,6.8,8.81,3625.0,LAKE,0
3.6970289091633504,1.557692407979116,0.4258859200492617,1.0277025106401474,0.5609263071039629,0.4356485781322038,10678.0,28.0,24.0,32.0,1832.0,4.0,766.0,31301.25,4.0,2.2,0.32,7.0,11.6,3627.0,LAKE,0
2.7172228942561385,0.60927520257987,2.0593093879238276,1.0942288671819318,0.5260496521677813,-0.6884575717999774,10678.0,23.0,35.8,35.0,3020.0,12.0,110.0,31301.25,3.0,2.5,0.38,7.0,6.8,3644.0,LAKE,0
2.2518632244341257,1.247812951239545,1.8845161537093509,0.9751154081486398,-0.7351698234785414,-0.2477746641380924,10678.0,23.0,26.0,35.0,1832.0,12.0,220.0,31301.25,2.0,1.1,0.8,6.6,4.55,3645.0,LAKE,0
0.3408107414053102,2.0612704455280046,-1.7667049124444725,-0.1683928553416644,-0.1468136240380725,0.2433588003820125,3300.0,24.0,5.0,25.0,922.0,1.0,766.0,17200.0,2.0,6.0,0.45,6.6,1.5,3646.0,LAKE,0
0.7713998044545264,1.4898161468444393,-1.666981854368976,-0.91518202498604,-0.6134118261965753,2.134220629210944,4900.0,24.0,4.0,25.0,155.0,1.0,490.0,31301.25,2.0,6.4,2.0,6.8,4.1,3647.0,LAKE,0
0.1416840244380857,2.1649650828798395,-0.0838636055599025,0.728706506224697,-0.2513638549163756,0.4248884247453672,7900.0,24.0,3.0,31.0,276.0,7.0,170.0,31301.25,3.0,5.4,0.18,6.8,1.99,3649.0,LAKE,0
-1.3851363051346983,0.7810257309010198,-0.1979475918685694,1.0615811565947375,0.3521651488800429,-0.1883877738147076,1800.0,23.0,5.35,31.0,760.0,8.0,240.0,3200.0,2.2,6.4,0.0,7.1,0.19,3559.0,TANK,0
0.6578748437176738,1.5887303308873828,0.0626526690111669,1.7685975664105855,3.1021509516931447,1.0851308465313925,9000.0,26.0,5.35,32.0,3020.0,6.0,766.0,16000.0,2.2,5.8,0.0,8.2,0.39,3560.0,TANK,0
-1.1911996675874053,0.8416898090921926,-0.1491975747064399,1.0547503593964525,0.3737563671422996,-0.2083793786974299,2000.0,23.0,5.35,31.0,891.0,8.0,240.0,6400.0,2.2,6.0,0.0,7.1,0.19,3561.0,TANK,0
-1.3608496352290886,0.2875803927528726,-1.1522212978085546,1.9501811742997008,-1.0515494240719203,0.0401523287822343,350.0,28.0,3.0,32.0,290.0,4.0,2.0,1600.0,1.0,6.0,0.18,6.7,2.3,3565.0,TANK,0
-0.1398710162073333,1.0000840431335414,0.4631723446724899,0.5673875939897653,0.6952662332084655,-0.0845413802446594,1700.0,22.0,8.4,31.0,959.0,9.0,700.0,6300.0,3.6,5.2,0.08,7.1,3.8,3588.0,TANK,0
2.7898055606997954,1.9073049134664624,-0.2227549013734989,0.4973825595218052,0.131199888266188,1.364437900341162,10678.0,27.0,15.0,30.0,1236.0,3.0,766.0,31301.25,2.5,3.4,0.8,7.0,10.2,3589.0,TANK,0
1.157675082548338,2.4862670552277946,1.7417093307320424,0.4119641354815294,-0.7754719675697836,0.4175664237571466,10678.0,21.0,10.0,34.0,701.0,13.0,490.0,31301.25,3.0,4.0,0.45,6.5,4.79,3590.0,TANK,0
1.7658109518069014,3.0125312125505297,-0.7235861022376747,0.1086259278614438,-0.099140438082351,0.6485903644279706,10678.0,25.0,10.0,28.0,684.0,3.0,766.0,31301.25,3.0,5.0,0.5,6.6,3.0,3594.0,TANK,0
2.3894324607112845,1.2201355539007914,1.0821918734238518,1.3744102632513528,-1.0842046914530068,1.6090780853054234,10678.0,28.0,15.0,36.0,687.0,8.0,330.0,31301.25,3.0,4.6,0.8,6.7,14.855000000000002,3595.0,TANK,0
1.8299365709909552,2.668301448884712,-0.4601562476469947,0.1666458328348371,0.6302531548120112,0.517004295492047,10678.0,24.0,6.0,28.0,1791.0,4.0,766.0,31301.25,3.0,4.5,0.2,6.9,4.14,3597.0,TANK,0
2.3158360171041186,2.2883485819854754,-0.5591544187363172,0.0181531047231187,-0.1766368453232202,0.902982625604102,10678.0,25.0,4.0,28.0,1267.0,3.0,766.0,31301.25,3.0,2.2,1.0,6.7,3.99,3598.0,TANK,0
3.4828374067576515,0.6441247004917366,0.1663173192042616,0.015846387279993,-0.173647060156739,-0.259301916458742,10678.0,25.0,35.8,29.0,1610.0,4.0,230.0,31301.25,3.0,0.7,1.0,6.8,9.0,3599.0,TANK,0
3.834646919151051,1.2007612436584871,0.9473724282555588,0.673484286245699,0.4359427711204232,1.0941382540487852,10678.0,27.0,32.0,33.0,1795.0,6.0,766.0,31301.25,4.0,3.7,1.2,7.0,11.4,3603.0,TANK,0
3.603727806956977,1.7665680045068295,-0.0134032416004949,0.2466389635984792,0.2478599059325838,-0.2519946717085636,10678.0,25.0,29.0,29.0,3294.5,4.0,766.0,31301.25,3.0,3.5,0.9,6.5,4.15,3604.0,TANK,0
3.5118573261889168,1.2226652624601766,0.6945958380939038,0.3574825050284345,-0.0104356845421352,1.381805375339869,10678.0,26.0,18.0,32.0,2180.0,6.0,766.0,31301.25,4.0,3.9,1.3,6.8,12.0,3605.0,TANK,0
1.809476869900475,2.2262510601608745,-0.4098719248870329,0.6171811888090426,0.1673909154428791,-0.5435187786836692,10678.0,25.0,18.0,29.0,1427.0,4.0,330.0,31301.25,3.0,3.5,0.0,6.7,2.13,3606.0,TANK,0
2.7429834336356973,2.4880976667902694,-0.1497229154937895,0.3250489202229161,0.4956831574012746,0.0596411720676196,10678.0,25.2,35.8,29.0,1550.0,3.8000000000000007,766.0,31301.25,2.0,4.5,0.68,6.8,2.5,3619.0,TANK,0
2.211236758357556,2.419496260053842,0.7251498293983901,1.7105124726512444,-0.0654604574933556,1.1050365112528786,10678.0,28.0,8.0,35.0,1481.0,7.0,766.0,31301.25,3.0,4.6,0.2,6.8,8.29,3626.0,TANK,0
2.588769300069139,1.7120560692490348,1.169308389357222,-0.5430323764761592,-1.6099402826644544,-1.119514075540589,10678.0,20.0,30.0,30.0,1557.0,10.0,260.0,31301.25,3.0,3.2,0.1,5.9,11.42,3629.0,TANK,0
3.3931006229522067,1.8199500071116117,0.0845184226475828,0.9138026704299396,-1.56090853387375,-0.3084116445090756,10678.0,28.0,23.0,32.0,1299.0,4.0,490.0,31301.25,4.0,2.4,0.76,5.9,7.0,3630.0,TANK,0
1.6851551606529491,3.0216453356088113,-0.0996272958448404,-0.0526152280357011,0.3793018036757108,-0.1884999515228191,10678.0,22.0,11.0,28.0,1965.0,6.0,766.0,31301.25,3.0,5.0,0.0,6.6,2.01,3632.0,TANK,0
2.1540248258050947,1.641197049969484,1.3405885676009195,1.1699487792791958,-0.5082832443485656,-0.3018136919978458,10678.0,25.2,35.8,34.8,778.0,9.599999999999998,170.0,31301.25,3.0,4.0,0.46,6.6,5.24,3634.0,TANK,0
3.551408721614669,1.655629738528374,1.070427058613595,0.1940711845540603,-0.1880185618946443,-0.0733412902839359,10678.0,23.8,20.0,31.0,1747.0,7.199999999999999,766.0,31301.25,3.6,0.5,0.0,6.7,14.855000000000002,3637.0,TANK,0
1.2334197331396868,2.969096314322588,-0.8621091194701843,-0.4417597471356105,0.7153134867127998,0.9933992974995012,10678.0,23.0,4.0,26.0,317.0,3.0,766.0,31301.25,3.0,4.1,0.59,7.1,1.58,3638.0,TANK,0
2.5338454006829076,1.407317162029306,1.7236302318622654,0.9052938758664132,-0.6544178479623661,-0.5390634232438123,10678.0,23.8,35.8,34.7,1318.0,10.900000000000002,220.0,31301.25,3.0,2.6,0.6,6.5,5.7,3640.0,TANK,0
2.816089770173995,0.9860853029700408,1.582439818251298,0.7413992064698285,-0.7872747184576568,-0.2649469357409835,10678.0,24.6,35.8,34.5,886.0,9.9,140.0,31301.25,4.0,2.2,1.05,6.5,6.3,3641.0,TANK,0
3.948002148637915,1.4479955758431555,0.380850368921772,-0.0762297780910262,0.3114201211830001,-0.2093478695740523,10678.0,24.0,35.8,29.0,3200.0,5.0,766.0,31301.25,3.0,3.1,1.0,6.6,7.0,3643.0,TANK,0
0.5271638584417546,2.1083457960225194,0.8748210300580362,0.451825948063511,0.4014824465845529,0.872024383066675,10678.0,22.0,5.0,32.0,524.0,10.0,270.0,31301.25,3.0,4.6,0.28,7.2,4.5,3648.0,TANK,0
4.150456465836811,1.1517498609699606,1.24074461069283,0.1776627145677009,0.4872804939972934,-0.0669197247506605,10678.0,24.0,35.8,31.0,2380.0,7.0,766.0,31301.25,3.0,0.8,0.33,7.0,14.855000000000002,3650.0,TANK,0
1.0096750478793464,2.788637704016583,0.7171763049574361,0.9471848098685344,-0.4332611067118378,0.399038468621623,10678.0,24.0,5.0,33.0,690.0,9.0,490.0,31301.25,3.0,4.7,0.0,6.6,4.0,3653.0,TANK,0
3.266488766131668,0.7801658939513402,1.6213995567009272,1.0498887362953808,-0.0654855946882572,-1.043093646344888,10678.0,24.0,35.8,34.0,3294.5,10.0,210.0,31301.25,3.0,2.1,0.27,6.6,8.0,3654.0,TANK,0
-0.0810725623804064,1.5996318384090185,-0.2589318918395473,0.8411760081373272,2.1915431696788277,1.013622148957441,7000.0,24.0,6.0,30.0,1300.0,6.0,390.0,24000.0,3.0,6.7,0.2,7.9,0.6,3659.0,TANK,0
0.8703202591591993,2.705558283418202,0.3110777637757645,0.7487574896117831,2.613421441656549,1.4200437150661815,10678.0,24.0,6.0,31.0,1240.0,7.0,766.0,31301.25,4.2,6.8,0.23,7.9,0.46,3660.0,TANK,0
-0.9246676610331384,0.2565374712933025,-0.8026042840381599,0.9188859472920547,1.5467017936273653,0.0537930391644292,1100.0,24.0,5.0,29.0,1430.0,5.0,270.0,5400.0,3.0,6.2,0.14,7.6,0.36,3661.0,TANK,0
-0.9924296038618726,0.297699178244744,-2.120722966126573,0.4215925803661292,1.432050827090253,-0.0570575664006455,390.0,25.0,3.0,25.0,490.0,0.0,270.0,2800.0,3.0,5.1,0.13,7.6,0.17,3668.0,TANK,0
-1.3968906201288327,0.3139451672229379,-1.950069300777889,0.666234474750956,1.358744319129464,0.2119898226918158,380.0,25.0,2.0,26.0,440.0,1.0,210.0,2800.0,2.0,5.4,0.12,7.7,0.13,3669.0,TANK,0
0.7500260661009781,-0.3690279752153497,-0.5204838206914875,1.1644336957625976,1.854156557178612,-1.5229261756863124,1000.0,26.0,23.0,30.0,2010.0,4.0,240.0,3200.0,7.05,6.0,0.0,7.2,0.0,3677.0,TANK,0
-0.2549721999463992,-0.3634876238679252,0.5730965892491812,1.5857880443994636,0.5753863661541947,0.1293197044604444,1800.0,25.0,35.8,34.0,1380.0,9.0,110.0,3200.0,0.5,6.7,0.8,7.4,2.62,3679.0,TANK,0
-0.7714193719939685,1.8314508463772212,1.279624559888174,1.8588844711610024,0.7736896320179111,1.1761507073726685,5000.0,24.0,3.4,36.0,580.0,12.0,766.0,9000.0,1.0,5.3,0.16,7.5,1.61,3680.0,TANK,0
3.900253978832441,0.76605678667373,1.3060964502041064,0.6425497700390657,0.9498263743998844,-1.9145046184614456,9000.0,24.0,35.8,32.0,3294.5,8.0,766.0,16000.0,7.05,1.4,0.48,6.5,2.4,3681.0,TANK,0
0.736250205077951,-0.1171215080218113,0.8440555150816459,1.308991300958226,2.4980900637025116,0.9876589871367984,5000.0,24.0,16.2,33.0,3294.5,9.0,560.0,9000.0,2.2,5.8,0.58,8.1,5.6,3682.0,TANK,0
-0.7750789518079934,-0.6424605169700129,-1.511648645334117,0.8948812069620993,1.4861407336486014,0.4733869559730167,550.0,26.0,6.5,28.0,1453.0,2.0,70.0,1800.0,3.2,7.1,0.48,7.7,3.53,3684.0,TANK,0
0.1784634639121689,-1.357643153710078,-1.2869770865488337,0.7926171100037838,1.6889703308670907,-0.0789771858154166,550.0,26.0,14.1,28.0,2460.0,2.0,20.0,1800.0,4.4,6.1,0.86,7.6,2.58,3685.0,TANK,0
-1.13293005698976,-0.2394323326376838,-1.3918967290900637,1.084022834881867,0.4700341175103815,-0.0284709674768156,130.0,26.0,6.8,29.0,790.0,3.0,17.0,350.0,3.0,7.0,0.33,7.2,1.85,3686.0,TANK,0
-0.7164860169361597,-0.6202483000480288,-1.256679321366735,0.8272545603745625,1.431498261645098,-0.096520196112147,350.0,25.0,8.6,28.0,1534.0,3.0,50.0,1800.0,3.4,6.1,0.31,7.6,2.43,3687.0,TANK,0
-0.4290167495716194,-0.5123915177613885,-1.6931703582188025,1.078313986020419,0.9530437365863388,-0.2964346362913129,550.0,27.0,8.6,28.0,1358.0,1.0,25.0,1800.0,3.9,6.3,0.25,7.3,2.6,3688.0,TANK,0
-0.1362897786359583,-0.3967761863753895,-1.086788441670588,0.6620730309387124,1.1611539396845114,-0.6243327082224401,900.0,25.0,13.7,28.0,1230.0,3.0,130.0,1800.0,4.7,5.9,0.12,7.3,3.63,3689.0,TANK,0
-0.174773553244813,-0.8642205754481862,-1.0971513192953108,0.9398572134505824,1.3961559757653046,0.4552562515251164,1600.0,26.0,8.0,29.0,2050.0,3.0,110.0,1800.0,3.6,6.6,0.69,7.6,4.42,3690.0,TANK,0
-1.5575947310002176,0.460926703269413,-0.9522565659708188,1.215731372256894,0.1942901271293546,-0.0155836058070725,1300.0,25.0,3.0,30.0,160.0,5.0,50.0,3000.0,2.0,5.9,0.0,7.2,1.2,3691.0,TANK,0
-1.4623960307299226,0.2793753422903198,-0.9380739910049908,1.2102321539023713,0.0682214643548101,-0.2236644029193162,500.0,25.0,3.0,30.0,290.0,5.0,60.0,1600.0,2.3,5.6,0.0,7.1,1.4,3692.0,TANK,0
3.1137644449385635,2.0395670806192365,0.4905372862657131,0.4335955710386621,2.0175578601547577,-0.204986917418193,10678.0,25.0,35.8,30.0,1520.0,5.0,766.0,31301.25,5.0,4.2,0.0,7.4,6.3,3693.0,TANK,0
-1.1046851134978597,1.0046049394840808,0.1962435241856847,1.9692647236948957,1.1084026210433635,0.5745752665810787,2200.0,26.0,4.0,34.0,204.0,8.0,460.0,5000.0,2.5,5.5,0.0,7.6,0.35,3694.0,TANK,0
0.486477534380607,2.727039896106572,-1.2264057122573515,0.3971201991826166,0.9060456068107756,0.3667888516318662,9000.0,25.0,5.3,27.0,290.0,2.0,766.0,16000.0,3.0,5.3,0.0,7.1,0.19,3695.0,TANK,0
3.5681439680499514,1.8388358294266385,0.5937359411624601,0.3911864749203386,2.339872866210967,-0.7289919913123265,10678.0,25.0,35.8,30.0,1940.0,5.0,766.0,31301.25,7.05,4.0,0.0,7.3,4.8,3696.0,TANK,0
0.9034354694608472,1.1570615217804985,-0.752806840474631,0.3456816654673392,2.1086115111154764,-0.1985282961746254,5000.0,24.5,9.0,27.0,490.0,2.5,766.0,9000.0,5.0,2.0,0.0,7.7,1.93,3697.0,TANK,0
0.5741688465523151,1.0120339126915756,-0.6988170421146319,2.2828398519126063,-0.3090182600563506,-0.6210728819541086,1200.0,30.0,14.0,33.0,733.0,3.0,650.0,3100.0,3.0,4.0,0.0,6.6,1.2,1383.0,LAKE,0
-1.3375204227610225,0.4507436940934176,-1.348760946342026,0.6584004925660392,-1.2675397968774014,-0.5405534425844286,140.0,24.0,2.6,28.0,164.0,4.0,100.0,380.0,1.0,4.3,0.28,6.5,1.2,1385.0,LAKE,0
-0.8680840657006919,-0.3941982846148657,-0.4223227605887269,0.199416581230099,0.0298453015485034,-0.6843817044722574,340.0,20.0,2.4,28.0,3294.5,8.0,160.0,680.0,1.4,5.7,0.43,6.8,1.8,1441.0,LAKE,0
-0.6915134006523651,-0.5664181357543985,-0.4796973864080986,1.0427451295943846,0.057391640885462,-0.5093385614245951,320.0,23.0,2.8,30.0,3294.5,7.0,120.0,580.0,1.2,5.3,0.41,6.9,1.8,1574.0,LAKE,0
1.5371861517608838,1.8691963852027604,0.0004066799646491,1.9008675778752284,-0.2260669581788948,0.1718372152151325,10678.0,27.0,3.9,33.0,3294.5,6.0,310.0,31301.25,0.6,3.2,0.24,6.7,1.23,1575.0,LAKE,0
-1.0384087846194994,0.3032538684290348,-1.646078939773579,1.1427110053018028,-1.249398145687222,-0.6463157505359873,800.0,26.0,0.4,28.0,81.0,2.0,2.0,2800.0,0.1,1.5,0.0,6.7,2.35,1576.0,LAKE,0
1.497146006952505,2.1182640851696903,-0.8664285437845514,1.422667787104531,0.215508506134672,0.3171495166040126,10678.0,27.0,3.7,30.0,3294.5,3.0,400.0,31301.25,0.7,4.5,0.23,6.8,0.78,1577.0,LAKE,0
-0.1772918006432,-0.6507419311048995,-1.537001007342404,2.037916072695725,0.637284597951223,-0.8166802973344819,400.0,28.0,4.1,29.5,3294.5,1.5,100.0,630.0,0.9,3.2,0.0,7.2,0.58,1578.0,LAKE,0
-0.2302524309835386,-0.3987287182209426,-1.026512341473052,1.7022745689443066,-0.0077724096744317,-1.1009972228477556,340.0,26.0,6.0,30.0,3294.5,4.0,140.0,640.0,1.0,3.8,0.05,6.8,0.5,1579.0,LAKE,0
-1.4778299243223274,0.6563412133197644,-2.0583298333876408,1.347021794953518,-1.6690410097090211,-0.6683588863827887,32.0,27.1,2.1,28.4,33.0,1.2999999999999972,4.0,108.0,0.5,5.1,0.05,6.3,0.18,1580.0,LAKE,0
-0.6112367638270414,-0.3697202713909923,-1.2911481846533446,1.6725183967921522,0.1282138084678986,-0.8291866726542602,220.0,26.0,3.0,29.5,3294.5,3.5,100.0,360.0,0.7,4.8,0.05,6.9,0.3,2312.0,LAKE,0
-1.000994497032806,-0.1774259007351279,-0.3297765866739156,1.710833286594169,-0.796689221871286,-0.9462714175408716,560.0,24.0,2.7,32.0,3294.5,8.0,4.0,1340.0,0.2,5.5,0.06,6.5,0.57,2318.0,LAKE,0
-0.8747689285813729,-0.0594939529178765,-1.17548201743816,1.6809975526119303,-0.5841718828724026,-0.7862506192473879,294.0,27.0,8.4,30.0,186.0,3.0,2.0,360.0,0.5,1.2,0.03,7.0,0.96,2328.0,LAKE,0
-0.149701892136376,0.9081754309783282,-0.999840405965514,0.6566578466984176,-1.77197393836409,0.9674672280496774,6300.0,26.0,1.8,29.7,40.0,3.6999999999999993,150.0,7900.0,0.7,6.6,0.02,6.5,14.855000000000002,2329.0,LAKE,0
-0.2857945777669191,2.9244999224503676,-1.373500510472437,1.22943771190435,-1.1210599395083498,0.6052306411660658,10678.0,27.0,1.9,29.8,35.0,2.8000000000000007,2.0,31301.25,0.4,6.7,0.01,6.5,0.25,2330.0,LAKE,0
-1.165214757287746,1.0799626060780847,-1.3707900714326582,2.508874031500113,-1.813445858331278,-0.2845400161414816,460.0,30.0,2.2,33.0,217.0,3.0,220.0,940.0,0.5,5.9,0.0,6.2,0.05,3470.0,LAKE,0
-1.2596251143493131,0.6114286351058525,-1.3119934538493805,2.518101577923496,-1.0630170206595169,-0.1366779735014585,270.0,30.0,2.0,33.0,210.0,3.0,110.0,510.0,1.3,5.9,0.0,6.6,0.5,2325.0,POND,0
-2.5383212924511263,0.6115994992990396,0.2223526425182165,1.0583258376974662,-0.6148549614434227,-0.1327149147044388,500.0,21.0,1.8,32.0,110.0,11.0,2.0,900.0,0.0,5.5,0.0,7.0,0.31,3462.0,POND,0
-1.1066677600263175,-0.2631472913792415,-0.4537118539502155,0.3928817531115858,-0.2048263735878626,-0.2807617849966989,356.0,22.0,5.35,29.0,790.0,7.0,45.0,1500.0,2.2,4.4,0.51,7.0,2.61,1401.0,POND,0
-2.0523618497086575,0.0168865616638129,0.365478241295756,-0.1272215002186629,1.0014077744420988,-0.2324145181493452,2.0,18.0,19.9,29.0,292.0,11.0,2.0,1600.0,1.5,7.5,0.0,7.6,3.82,1373.0,LAKE,0
-1.4725717898004376,-0.5626307361999164,0.5035496938532317,-0.4600329107148518,0.3630977739115971,0.2011990971135786,240.0,18.0,3.7,29.0,492.0,11.0,20.0,1600.0,3.1,6.2,0.0,7.4,11.6,1374.0,LAKE,0
-3.593108094209126,0.3815833546762339,2.257820490186374,-1.3793008635842083,0.4313354631684923,-0.2651012624393722,2.0,10.0,2.8,29.0,432.0,23.0,2.0,910.0,1.2,7.2,0.0,7.4,2.72,1466.0,LAKE,0
-2.29549698555876,0.3639260179246488,-2.2127970919216686,-1.1025789558679884,0.1422792462148129,-0.2430277381236671,15.0,18.8,3.1,21.5,414.0,2.6999999999999993,2.0,46.0,0.7,7.2,0.3,7.1,0.92,2128.0,LAKE,0
-2.2573219764633694,0.2424196755179896,-2.1240024268678632,-1.286255958110031,0.3140154165815795,-0.3196806719036139,10.0,18.0,2.0,21.0,466.0,3.0,2.0,48.0,0.8,6.3,0.3,7.2,0.97,2129.0,LAKE,0
-1.9766523700218028,0.162675729916543,-0.2956576966895688,1.221647458342327,0.8211393164960308,-0.0135673263236391,356.0,23.0,2.9,31.0,740.0,8.0,45.0,1500.0,1.8,6.1,0.0,7.5,0.0,2130.0,LAKE,0
-2.0200339116034174,-0.586374805269704,0.8992612052325096,0.4916923287575873,0.3115474263672607,0.4450963643154743,2.0,19.0,2.4,32.0,1012.0,13.0,2.0,110.0,1.1,4.8,0.73,7.5,2.5,2131.0,LAKE,0
-1.8496131259153152,-0.5035094776151011,0.9453326042697732,0.4441258304578488,-0.1056926302934574,0.1993925528980128,40.0,19.0,2.8,32.0,840.0,13.0,2.0,140.0,1.2,4.6,0.43,7.3,5.24,2132.0,LAKE,0
-1.972223881887666,-0.710544491199895,0.9912697136558228,0.4485701037300418,0.5705774262686982,0.5604840322800092,2.0,19.0,4.4,32.0,644.0,13.0,2.0,90.0,1.2,3.9,0.89,7.7,1.9,2133.0,LAKE,0
-2.100587058314869,-0.2306962581030937,0.3376980637555875,0.7159920136428152,-0.1766793524431925,0.5495720025862582,2.0,21.0,2.0,32.0,557.0,11.0,2.0,90.0,1.4,6.4,0.78,7.2,1.61,2134.0,LAKE,0
-1.37967377937707,-0.9179254210636152,-0.1755819931354959,0.777058627347086,-0.6341149975268869,1.5899036142547407,17.0,24.0,1.8,32.0,522.0,8.0,2.0,70.0,1.2,6.5,1.55,7.2,5.86,2135.0,LAKE,0
-1.1753815828225322,-0.9005924416448684,1.7750321216877942,0.3808072291413774,-0.1612320746524708,0.4117504235895808,230.0,19.0,3.8,34.0,677.0,15.0,12.0,1600.0,3.1,5.5,0.0,7.3,14.855000000000002,2136.0,LAKE,0
-2.6240147116465073,0.2661904356464755,-0.1130922991242995,0.1549986949110005,0.6881120168431859,0.1784907316876413,2.0,19.0,2.2,29.0,322.0,10.0,2.0,1600.0,1.5,7.5,0.0,7.5,2.21,2137.0,LAKE,0
-2.4379115321504967,0.1903930644547171,-0.5231963446856175,0.481324420290206,0.7289129434620368,0.1796267833329062,2.0,21.0,2.6,29.0,296.0,8.0,2.0,230.0,1.7,7.5,0.0,7.5,1.91,2138.0,LAKE,0
-2.8913027069839985,0.1753190430472895,0.3479028789859553,-0.1254797872584893,1.2175764669903686,0.2816992183522808,2.0,17.0,2.7,29.0,293.0,12.0,2.0,1600.0,1.5,7.3,0.0,7.8,2.06,2139.0,LAKE,0
-3.836241023011711,0.4380806851014117,2.3820795097827476,-1.0896078365185986,0.8077146601772072,-0.2260220923310412,2.0,10.0,2.5,30.0,278.0,23.0,2.0,210.0,1.2,6.9,0.0,7.6,0.4,2140.0,LAKE,0
-2.568844343689959,0.1350013930399159,0.1493144755336898,-0.0183156024861437,0.7989860517519344,-0.0379348795846702,8.0,18.0,2.5,29.0,396.0,11.0,2.0,350.0,2.1,7.1,0.0,7.5,2.03,2141.0,LAKE,0
-1.6217458347028773,0.8414149705373123,-0.0727447542967958,0.3942468517813485,-2.0739261809950857,-1.455967447066925,356.0,20.0,2.9,30.2,872.0,10.2,45.0,1500.0,2.0,6.1,0.0,5.800000000000001,0.0,2142.0,LAKE,0
-2.5732551771312053,-0.0288399303847106,0.0134740436356451,0.606409312600043,1.1129246290794952,0.3066050161037099,2.0,20.0,1.9,30.0,609.0,10.0,2.0,60.0,1.0,6.4,0.0,7.8,1.87,3296.0,LAKE,0
-0.9911285459195796,-0.4652323203331447,-1.278868933791959,-0.1685700099266512,0.0492620716271595,-0.0865952502463722,500.0,22.0,4.8,26.0,814.0,4.0,9.0,1600.0,2.4,4.6,0.84,7.1,2.03,3297.0,POND,0
-1.7065228531574272,-0.0006145449882108,-2.442170606624245,0.1633989492792552,0.9920124030903366,-0.0292340769669342,12.0,24.0,3.0,24.0,522.0,0.0,4.0,80.0,2.0,7.0,0.0,7.5,2.34,3298.0,POND,0
-1.73369311313827,0.0099745665477413,-1.4112029586673276,-1.1693225992968863,0.5144221208472667,-0.5997012924856892,110.0,18.0,5.4,23.0,634.0,5.0,2.0,920.0,3.1,6.9,0.3,7.1,1.8,3299.0,POND,0
-0.341862819356254,-0.6365469337699445,-0.996761204199728,-1.241404174534825,-1.0972530008679138,-0.8413134384741944,220.0,19.0,5.0,24.0,765.0,5.0,10.0,1600.0,3.2,3.7,0.3,6.5,11.0,3300.0,POND,0
-1.5084436314722234,-0.4914270622802243,-0.5268065239263359,-1.1884339897500478,0.7773027832809783,-0.6689937077047805,150.0,16.0,5.8,24.0,1384.0,8.0,2.0,1600.0,1.9,4.1,0.3,7.4,3.4,3301.0,POND,0
-1.114831049501397,-1.2619893476466002,1.0980851119980937,0.192016299832168,0.3149136233596469,0.3995407085457975,2.0,19.0,8.0,31.5,1108.0,12.5,2.0,500.0,1.4,2.6,0.95,7.6,6.37,3302.0,POND,0
-1.490151056401254,-0.8939933851609247,0.4242593520998033,0.7410010030659876,-0.647676889126848,1.40809655867274,11.0,22.6,2.2,33.0,508.0,10.4,2.0,50.0,1.3,6.1,1.41,7.2,6.21,3303.0,POND,0
-2.436632676153893,0.1136887242923267,-0.3612000468660439,0.02485123871923,0.4717429165579485,-0.0251492367136641,2.0,19.0,1.6,28.0,516.0,9.0,2.0,26.0,1.2,6.4,0.08,7.4,2.02,3304.0,POND,0
-1.0748459877058083,-0.4651328190995217,-1.4866203282810446,-1.3682214235648775,0.5284528835189461,-0.7470708809320686,150.0,18.0,10.0,22.1,1340.0,4.100000000000001,2.0,710.0,2.8,6.2,0.34,7.1,4.8,3830.0,POND,0
-1.7495535681184204,-0.0680512621742779,-1.7603888604614475,-0.9706519390883264,0.5057953249040864,-0.4082584745622375,120.0,19.0,3.9,22.6,834.0,3.6000000000000014,2.0,430.0,2.0,6.3,0.34,7.2,1.8,3831.0,POND,0
-1.4574975892512605,-0.2071784028049406,0.6970833340172216,0.6374370857717477,1.2761399808454077,-0.7772612218386724,2.0,20.0,35.8,31.0,580.0,11.0,2.0,110.0,0.8,6.3,0.0,7.7,1.67,3849.0,POND,0
-1.844820153227623,-0.4492673907149885,0.1278873343075437,0.9253071017761612,0.3367205031336118,0.4291211195265947,2.0,22.0,2.8,31.5,660.0,9.5,2.0,90.0,1.2,4.7,0.63,7.5,1.66,3850.0,POND,0
-2.065773889207499,0.32902054020481,-2.009877908403134,-0.6233245538674486,1.1195701934912623,-0.3854978024489649,356.0,20.1,3.4,22.6,309.0,2.5,45.0,420.0,2.0,6.3,0.0,7.5,0.0,1425.0,LAKE,0
-1.9569745296400003,0.495753037342258,-1.624769737352044,-0.4012644673588248,0.1998306751400733,-0.6919219964917505,356.0,20.2,3.1,24.3,370.0,4.100000000000001,45.0,200.0,2.1,6.4,0.0,7.0,0.0,1426.0,LAKE,0
-2.065859907649186,0.6645704556311983,-2.27768289173444,-0.6504313023764868,-0.1111688828421737,-0.6655984149993156,356.0,20.3,1.3,22.3,294.0,2.0,45.0,300.0,1.1,6.2,0.0,6.9,0.0,1629.0,LAKE,0
-1.9168388666645493,0.6298621555855004,-2.073854060812613,-0.3665983269855459,-0.2943296260097117,-0.7440465630401059,356.0,21.0,1.7,23.5,352.0,2.5,45.0,260.0,1.3,6.0,0.0,6.8,0.0,1630.0,LAKE,0
-1.477341111585159,1.0106621448378834,-2.27142282819429,-0.5572830595394563,-2.139402577837392,-1.5984720841036626,356.0,21.0,2.6,23.0,246.0,2.0,45.0,520.0,1.0,5.0,0.0,5.800000000000001,0.0,2837.0,LAKE,0
-1.7675659576987055,1.1404460089885529,-2.2749503974160223,-0.4725246379754277,-1.998893056002877,-1.3078642723023413,356.0,21.2,1.8,23.6,296.0,2.400000000000002,45.0,170.0,1.4,7.3,0.0,5.800000000000001,0.0,2839.0,POND,0
-2.18371360973232,0.6636407156207498,-2.058367798815243,-0.2424248009910004,0.0149764896541951,-0.4094976721060336,356.0,21.2,1.7,23.9,290.0,2.6999999999999993,45.0,130.0,1.0,6.9,0.0,7.0,0.0,2840.0,POND,0
-1.8211225014589676,0.4379581097977563,-2.0783299765359815,-0.1214816191857683,0.3414310056159539,-0.5444436960401374,356.0,22.0,3.0,24.0,425.0,2.0,45.0,300.0,1.8,6.3,0.0,7.1,0.0,2841.0,POND,0
-1.8815534423676448,0.5397276450116243,-1.9518402817025489,-0.2253051871801412,-0.0370304880374678,-0.6752873706023165,356.0,21.3,2.6,24.1,480.0,2.8000000000000007,45.0,145.0,1.6,6.4,0.0,6.9,0.0,2842.0,POND,0
-1.74137603491178,0.5519048999187963,-2.3817766874903694,-0.4500325843061312,-0.1623878225593476,-0.832749958661912,356.0,21.4,2.1,22.6,521.0,1.2000000000000028,45.0,129.0,1.6,6.1,0.0,6.8,0.0,2843.0,POND,0
-0.6114327503224243,0.3482054345139703,-1.735640880023695,-0.7812951700196711,0.1023438683021707,-2.02517458761411,356.0,20.4,35.8,22.6,430.0,2.200000000000003,45.0,98.0,1.9,6.0,0.0,6.7,0.0,2844.0,POND,0
-1.990555527053561,0.7221624826717608,-2.228123699073426,-0.6349279929344271,-0.5277250302029355,-0.8416264390472881,356.0,20.3,1.0,22.5,230.0,2.1999999999999993,45.0,35.0,1.0,5.7,0.0,6.7,0.0,2845.0,POND,0
-1.891815570654681,0.5606841291885493,-2.1272650429459663,-0.3898584239095142,-0.125062021809502,-0.7273794742108581,356.0,21.0,2.1,23.2,380.0,2.1999999999999993,45.0,140.0,1.2,5.7,0.0,6.9,0.0,2846.0,POND,0
-2.084956453082518,0.6316257127022991,-2.184860087698151,-0.4093251640461558,-0.0126754160274824,-0.5357732721168826,356.0,21.0,1.3,23.1,130.0,2.1000000000000014,45.0,120.0,1.1,6.0,0.0,7.0,0.0,2847.0,POND,0
-1.8563381096560645,0.4179123965546221,-1.92353126335963,-0.1989012570066991,0.1256609299757521,-0.6600568812064221,356.0,21.1,2.1,24.0,820.0,2.8999999999999986,45.0,157.0,1.2,6.0,0.0,7.0,0.0,2848.0,POND,0
-1.60538991209282,0.7036379218244834,-2.0810084564056393,-0.2278651536356297,-1.141327876395905,-1.159276134561018,356.0,21.5,1.7,24.0,726.0,2.5,45.0,125.0,1.2,5.8,0.0,6.3,0.0,2849.0,POND,0
-0.817841852326222,-0.5170046611855349,-1.594546036525843,-0.8687119944773851,-0.8257756971651761,0.0642765858799108,356.0,20.9,1.6,23.7,575.0,2.8000000000000007,45.0,76.0,1.2,5.0,0.0,6.9,14.855000000000002,2850.0,POND,0
-1.5839968578942836,0.8388048318577733,-2.43705179193136,-0.5974265758091482,-1.4366215254295138,-1.3530408789086106,356.0,20.9,2.6,22.4,732.0,1.5,45.0,120.0,1.0,6.1,0.0,6.1,0.0,2851.0,POND,0
-0.6154474992723737,1.6372858962159176,0.0115144729925563,-1.4696084379005894,0.5183073816022228,-0.3766730665988636,3200.0,16.0,6.5,25.0,177.0,9.0,766.0,5000.0,3.8,5.0,0.35,6.9,1.31,1347.0,LAKE,0
-1.621408954317298,1.561767050788709,0.9689404157564916,-1.4666657581457287,0.2311728812968757,-0.442358849367078,2200.0,13.0,8.0,27.0,198.0,14.0,610.0,3500.0,2.5,6.0,0.22,6.9,1.08,1348.0,LAKE,0
-2.639259856925654,0.6438514876365129,-0.9804721279774828,-1.4578675259975924,-0.1427213886368784,-0.8472402399332771,31.0,15.0,2.5,23.0,59.0,8.0,8.0,70.0,1.5,6.4,0.02,6.9,0.44,1459.0,LAKE,0
0.0862050463883363,1.4422828884334116,-0.0419172967681964,-1.7187848218360595,0.3907021073727786,-0.8097160775851476,3600.0,16.0,11.0,24.0,247.0,8.0,766.0,5800.0,4.2,3.5,0.25,6.8,3.5,3346.0,LAKE,0
-1.0777594479930874,1.591518290421242,0.8705786722066555,-2.046749934633309,0.7995282128232821,-0.4470828198219497,3000.0,12.0,6.2,25.0,174.0,13.0,766.0,4800.0,3.5,4.4,0.3,7.1,1.47,3347.0,LAKE,0
-0.8866266289911625,1.8268475825599375,-0.0725849661592237,-1.3574721484926318,0.5007062042746784,-0.4247066564601074,2900.0,16.0,6.6,25.0,180.0,9.0,766.0,4900.0,3.2,5.6,0.11,6.9,1.47,3348.0,LAKE,0
-1.805163540337928,0.0330947958927976,0.7480882270107398,-0.7052304739947605,-1.0234508972559682,-1.4000260453586033,38.0,15.0,2.4,28.0,94.0,13.0,6.0,79.0,1.5,0.3,0.28,6.7,0.42,3349.0,LAKE,0
-2.264302809403875,0.7163374144328738,-2.497422223376885,-0.2700230479688889,0.3788610441637389,-0.0653700915448347,356.0,22.0,1.6,23.0,151.0,1.0,45.0,1500.0,0.9,7.7,0.04,7.2,0.04,3723.0,LAKE,0
-2.2675288870647705,0.4342436443188529,-0.5045639301639524,-0.3199134750438018,0.1232524075371373,-0.521092264191901,356.0,18.0,1.8,26.5,271.0,8.5,45.0,1500.0,0.9,4.4,0.06,7.2,0.08,3722.0,POND,0
-1.7369697568966358,0.3385252416859849,-1.2345360183227447,-0.2982563452812944,0.0955879305818024,-0.8034474322965627,356.0,20.0,1.9,25.0,118.0,5.0,45.0,1500.0,1.8,3.5,0.04,7.1,0.04,3755.0,POND,0
-2.468116064234482,0.7224517340435526,-2.1689263141819626,-1.1787883192151642,0.3538794029843312,-0.4197899803490791,356.0,18.0,1.3,21.0,191.0,3.0,45.0,1500.0,0.5,6.4,0.02,7.2,0.03,3743.0,TANK,0
-1.4036023053662694,0.3653059586080089,0.8020284590592376,1.3910032786046131,-1.090263497443892,-0.9830032625026808,356.0,22.4,5.0,34.2,263.0,11.800000000000004,45.0,1500.0,2.8,4.1,0.0,6.5,0.63,2886.0,LAKE,0
-1.5372700138714517,0.4453780019226562,0.9491265324728436,1.1628128301402618,-1.429764570076142,-1.0437160298452912,356.0,21.2,4.0,33.9,166.0,12.7,45.0,1500.0,2.2,3.5,0.0,6.4,1.0,2887.0,LAKE,0
-0.6456059210907557,0.1327577461099565,0.6549992919091798,1.400620653388104,0.4958241932526854,-0.1339352341852045,5400.0,22.0,2.6,33.0,3294.5,11.0,2.0,9200.0,0.9,5.3,0.13,7.2,1.95,2437.0,LAKE,0
-0.0758795185410392,2.859492987248249,0.9825969045804576,0.7506372855926655,0.2980340860951795,1.5548471400798012,10678.0,22.0,3.9,33.0,364.0,11.0,490.0,31301.25,0.6,5.8,0.21,7.3,4.03,2438.0,LAKE,0
-2.1672106639893287,0.1256672209192119,2.82424602390408,-0.6099784955967748,1.284830598220168,-0.2787316956273143,5400.0,10.0,2.0,32.0,3294.5,22.0,2.0,5400.0,0.9,6.0,0.13,7.6,1.63,3953.0,LAKE,0
-0.7069215087043011,0.5168653252892057,3.927256669160241,-0.8043810819557271,0.7978715593273776,0.086533278934494,9200.0,11.0,10.2,35.0,730.0,23.0,2.0,16000.0,4.3,3.0,0.69,7.5,3.92,3954.0,LAKE,0
-0.6201804543720312,1.6507796206243044,1.1182319603437452,1.039731597207704,-0.179775577233767,0.8893353419428486,10678.0,22.0,3.7,34.0,323.0,12.0,78.0,17000.0,1.0,4.8,0.2,7.2,4.26,3955.0,LAKE,0
-1.0821139797091477,1.698553656359852,1.030431349292259,1.1992414824843889,-0.0091128916635134,0.6729579636731291,5400.0,22.0,3.5,34.0,206.0,12.0,390.0,13000.0,0.8,5.1,0.0,7.2,3.04,3956.0,LAKE,0
-0.1169182844417284,2.612129975892435,0.4662283278449624,0.8406089852475721,0.2399962125758159,1.1097040223786785,10678.0,23.0,3.2,32.0,250.0,9.0,490.0,22000.0,1.1,5.1,0.18,7.2,2.47,3957.0,LAKE,0
1.109722711713231,2.4848132696470127,2.381225641115689,1.4058733728655295,0.5526165260942316,1.4973639406576191,10678.0,23.0,6.3,37.0,500.0,14.0,766.0,31301.25,1.5,1.7,0.27,7.5,6.39,2431.0,POND,0
0.5328792945942996,1.202206263954552,0.9399490625672192,0.3298293298973582,1.2372972553652033,1.3143328305938828,10678.0,22.0,13.5,32.0,745.0,10.0,20.0,31301.25,3.3,5.9,0.7,7.7,5.44,2434.0,POND,0
1.5481752169809495,0.4943845937444225,0.8021969508732928,-0.3761469669497553,-0.0325193422074406,1.0216659040930889,10678.0,21.0,11.0,30.0,1301.0,9.0,8.0,31301.25,2.7,1.7,1.45,7.2,6.8,2435.0,POND,0
-0.2536487528226263,1.1963558983467466,1.7098515882276086,0.5789583172549412,0.3819214303171253,0.23781115087732,9400.0,20.0,13.4,34.0,640.0,14.0,45.0,17000.0,3.2,5.8,0.16,7.2,4.73,2436.0,POND,0
-0.0787642210563974,1.9808736266906877,1.5898436945387244,0.4030916314376426,-1.043076451437695,0.8497523344594698,10678.0,20.0,6.8,34.0,547.0,14.0,2.0,31301.25,1.3,5.7,0.4,6.7,6.38,3962.0,POND,0
1.3451480725541942,0.2510451379767658,1.6312622535137482,-0.3174437515433673,0.62529217648837,-0.3549942949219119,10678.0,19.0,35.8,31.0,1144.0,12.0,2.0,16000.0,2.9,2.7,0.86,7.3,5.73,3963.0,POND,1
-1.4668525353211346,-0.2216958425640052,-0.5561723857558754,2.7592421441727133,1.4576958899334111,0.3028222293135711,2.0,29.0,23.0,34.0,608.0,5.0,2.0,21.0,0.0,6.4,0.01,8.0,0.1,1396.0,LAKE,0
-1.888940310642562,-0.2890742082067167,-0.744299161828683,2.852201367926271,1.2124142923831926,0.8420887044497175,110.0,29.0,1.8,34.0,1012.0,5.0,2.0,140.0,0.0,5.6,0.01,8.0,0.97,1686.0,LAKE,0
-2.9493679563551627,0.8126458618814025,2.535088792922649,-0.4051875683401841,0.0549904346684101,-0.0927751142700724,2100.0,12.0,2.3,33.0,374.0,21.0,170.0,580.0,1.3,6.2,0.13,7.2,1.2,1297.0,LAKE,0
-2.882349477184229,0.593615674174386,1.6136329666413796,-1.242262349665607,-0.2453735016121405,-0.4600648057847187,630.0,11.0,2.4,29.0,370.0,18.0,110.0,790.0,1.3,6.0,0.16,7.0,2.2,1382.0,LAKE,0
-3.0077288751153173,0.4905557345063552,1.2822110290329092,-1.2872347439555547,-0.469784614666028,-0.5030511922057429,330.0,11.0,2.6,28.0,486.0,17.0,43.0,790.0,0.0,5.2,0.2,7.0,1.9,2912.0,LAKE,0
-2.837256907844977,-0.8718736709787566,2.44429342973157,-1.5753911849944224,0.2389590305584003,0.9857926994875243,14.0,10.0,2.2,30.0,1190.0,22.0,4.0,150.0,0.4,5.4,1.6,7.6,3.0,1285.0,LAKE,-1
-2.7576383318037596,-0.9458446389880352,2.9568097426780366,-1.148828172678154,0.836307924531777,0.7521222636009058,75.0,10.0,2.5,32.0,1330.0,23.0,9.0,150.0,1.5,5.1,1.34,7.8,2.28,1286.0,LAKE,-1
-2.091571858574472,-0.5328632167186014,1.692474466298339,0.7558758745523182,-0.5867853215840183,0.72970267917596,14.0,19.0,2.5,35.0,440.0,16.0,4.0,120.0,1.0,4.4,1.2,7.2,1.66,1414.0,LAKE,0
-3.13073380965916,-0.7112175358647762,2.424198646143792,-1.612344250717871,0.6908039773877837,1.1767119587381092,21.0,10.0,1.8,30.0,640.0,22.0,7.0,150.0,1.2,6.4,1.5,7.8,2.68,1481.0,LAKE,-1
-2.486457694688795,-0.2363453755894954,2.388590541618653,0.1320804490036712,-0.9066396133115522,0.1672961356241686,9.0,15.0,1.6,34.6,360.0,19.6,4.0,23.0,0.9,4.0,0.84,7.0,2.28,1714.0,LAKE,0
-2.644747764293336,-0.004352914440177,1.529859729574119,-1.8194353866194704,-0.5595408397051235,-0.6286999504664811,14.0,10.0,1.8,27.0,410.0,18.0,3.0,20.0,1.0,4.5,0.0,7.0,7.64,1716.0,LAKE,0
-1.9616335163576817,-0.3531901916197911,0.7618487750638046,-0.0655397582677279,-0.906196872312279,0.2853029013937621,14.0,18.0,1.7,31.0,440.0,13.0,4.0,28.0,1.2,4.5,1.14,6.9,1.66,2935.0,LAKE,0
-2.103293702556121,-0.9307972486702496,-2.716791191214168,-2.1421248661727805,1.7228457269244692,1.7428010524799946,4.0,18.0,1.0,18.5,320.0,0.0,4.0,20.0,1.0,6.9,1.84,8.2,1.84,2936.0,LAKE,0
-2.9438044052402574,0.3248867528837021,1.6070898694188145,0.3526046834350657,-0.1661955319948718,-0.1781780049981957,14.0,16.0,1.6,33.0,290.0,17.0,3.0,28.0,0.9,5.8,0.0,7.2,1.7,2937.0,LAKE,0
-2.343460600287708,-0.5115930197382694,1.6694924518878878,1.3664357932664035,0.6585852906666619,0.7451463565811451,14.0,20.2,2.1,35.7,650.0,15.500000000000004,4.0,75.0,1.0,4.7,0.54,7.8,2.1,2938.0,LAKE,0
-2.3775288391010063,-0.5094947754245269,1.656381363717829,1.401077552510568,0.8407613772490594,0.7427284372352498,20.0,20.2,1.9,35.6,680.0,15.400000000000002,7.0,150.0,0.9,4.6,0.42,7.9,2.46,2939.0,LAKE,0
-2.7050132026097984,-0.5036596562950671,2.081159540395284,-1.8034124776685552,0.2734649271134823,0.0086924143989264,39.0,10.0,2.4,28.0,820.0,21.0,4.0,150.0,1.7,4.6,0.98,7.4,2.36,2940.0,LAKE,0
-3.366321504464885,-0.3109720142047428,1.9023213567578048,-1.8293051515442167,0.754958957387885,0.8176162467310024,20.0,10.0,2.2,28.0,570.0,21.0,7.0,150.0,1.2,7.5,1.1,7.7,2.28,2941.0,LAKE,-1
-3.233781377783585,-0.4639664195388832,1.9734257290184247,-1.8646677107621328,0.9353850494164742,0.851400217599539,39.0,10.0,2.6,28.0,560.0,21.0,7.0,150.0,1.5,7.1,1.14,7.8,2.74,2942.0,LAKE,-1
-1.4205968309145818,-0.6395411095595415,0.9477400102410588,0.5465314137459408,-1.323664641133967,0.2534155544778794,39.0,20.0,2.3,33.0,1110.0,13.0,4.0,93.0,1.0,4.1,1.2,6.7,3.07,2943.0,LAKE,0
-0.1200886199166868,-2.703642386761088,2.182254676578221,-0.6939625571076309,2.415744371089794,0.2018427887669773,150.0,15.0,12.5,31.0,3294.5,16.0,11.0,460.0,5.0,2.3,1.84,8.2,3.32,2944.0,LAKE,-1
-1.5997464935804375,0.4083287468795046,-0.6515687497791531,-1.0273264240671764,-1.2415106254870458,-1.4580984108210808,63.0,17.0,6.0,25.0,131.0,8.0,21.0,84.0,2.4,4.3,0.18,6.3,1.36,1420.0,LAKE,0
-0.0183674189725077,0.1845972489385643,-0.2860542870543607,-3.0118848601489385,0.3433702696146907,-1.552321629643443,1100.0,12.0,24.0,20.0,650.0,8.0,460.0,2200.0,3.6,2.2,1.0,6.8,1.0,1421.0,LAKE,0
-1.5065707854817731,0.2720086105338317,-0.5793024514370299,-0.8777583694929909,-0.8505329742376572,-0.1164718148162076,1400.0,18.0,8.7,26.0,437.0,8.0,68.0,2800.0,0.9,5.5,1.0,6.7,1.0,1452.0,LAKE,0
-0.7504764017684445,-0.5023617222850122,-1.1652050027219305,1.687214103449402,0.5711381296417612,0.9073509277781876,1100.0,28.0,5.2,31.0,1250.0,3.0,110.0,1700.0,1.4,5.4,1.0,7.5,1.0,3007.0,LAKE,0
0.9328230452538624,-0.6479674852853947,-1.4142094107625294,2.0476532322109957,0.2246718141099834,-1.7999197044114086,460.0,30.0,35.8,30.0,1729.0,0.0,2.0,1700.0,2.0,3.0,0.01,6.9,1.37,3008.0,LAKE,0
0.6593014633934355,-0.1194493783333832,-0.6091467643890678,1.4952288214630145,-1.2192638939717284,-2.424042762300271,330.0,27.0,35.8,31.0,824.0,4.0,2.0,940.0,3.0,3.3,0.01,6.1,1.0,3009.0,LAKE,0
-0.2709548691880972,0.2624645453246969,-1.8360035262303185,2.280391279943602,-0.8756008418757001,-0.7876663060938117,330.0,31.0,13.0,31.0,683.0,0.0,78.0,1700.0,2.0,5.3,0.03,6.5,1.0,3010.0,LAKE,0
0.8820493180236376,-0.6514940487345261,-1.3878059340811064,2.4307055982647765,-0.771642684294027,-1.8143446102336465,1200.0,30.0,14.0,31.0,3294.5,1.0,2.0,2100.0,1.3,1.7,0.0,6.4,1.0,3011.0,LAKE,0
1.3729664908402286,-1.8495752263315643,1.1147096226374764,0.3907441850286095,1.2547900879864446,-1.832632968539862,150.0,22.0,26.0,31.0,1415.0,9.0,58.0,520.0,7.05,0.1,0.0,7.4,9.9,1391.0,LAKE,0
-2.2176183343830354,-0.2277100121706991,0.198498956973168,0.6261354411607042,1.161310368881593,0.0486978724801175,35.0,20.0,3.0,30.0,444.0,10.0,10.0,380.0,1.0,3.8,0.0,7.9,1.9,1789.0,LAKE,0
0.6500366069335978,-1.4404575119066638,-0.2670615235781124,-0.0435221371274777,1.9399986760259904,-1.6078528227488016,100.0,22.0,18.0,27.0,1420.0,5.0,54.0,450.0,7.05,1.9,0.0,7.6,5.7,2340.0,LAKE,0
1.9277392478739963,-2.0919122029257484,0.2797971750092239,0.6922602899591791,1.3190420100528744,-1.8552129492115543,45.0,25.0,29.0,30.0,1663.0,5.0,30.0,846.0,7.05,0.1,0.0,7.4,10.9,2341.0,LAKE,0
2.3144409877285548,-2.043231404363899,0.2712080032790981,0.8737732729053769,1.2843153858200052,-2.7145341431055043,55.0,25.0,35.8,30.0,2702.0,5.0,30.0,1000.0,7.05,0.1,0.0,7.1,6.86,2342.0,LAKE,0
-3.4136169206613567,0.2063375203340935,2.2553736848016723,-1.2897022131827538,0.6777819014129206,-0.3591673071822112,40.0,10.0,3.0,29.0,320.0,22.0,15.0,300.0,1.0,5.2,0.0,7.6,2.3,3068.0,LAKE,0
-1.3801301678545672,-0.5062309044328975,-0.0547181784302917,0.750239793161158,0.4528952303596705,-0.0617721834317024,45.0,22.0,6.0,30.0,510.0,8.0,15.0,798.0,1.0,2.9,0.0,7.6,6.1,3069.0,LAKE,0
0.0629273544170149,-0.9272034966595852,-0.1719966440436112,0.862330969686746,-0.0039991326202402,-1.0084460452008628,80.0,24.0,13.0,30.0,1064.0,6.0,35.0,740.0,3.0,1.5,0.0,7.1,7.6,3070.0,LAKE,0
1.2680970015591644,-1.478196468377481,1.3957808640923206,1.338692217758455,0.8519419965556403,-2.2423684702261255,80.0,24.0,28.0,34.0,1398.0,10.0,48.0,520.0,7.05,0.1,0.0,7.1,4.8,3071.0,LAKE,0
1.218616243847997,-1.673195316772233,0.2386766420674265,0.7404852701871646,1.241122494856291,-1.9025564506778143,75.0,24.0,18.0,30.0,1737.0,6.0,45.0,400.0,7.05,0.1,0.0,7.3,6.4,3072.0,LAKE,0
1.0622241295564467,-1.7202236309701575,1.749478211999776,0.4218689131289654,1.5320972340599,-2.3490840622951947,50.0,20.0,30.0,32.0,1790.0,12.0,20.0,920.0,7.05,0.1,0.0,7.4,5.42,3073.0,LAKE,0
1.0903780543233073,-1.42176484599861,1.824656855096344,1.006357675974915,0.860175334308049,-2.371099474465527,80.0,22.0,30.0,34.0,1289.0,12.0,38.0,820.0,7.05,0.1,0.0,7.1,4.6,3074.0,LAKE,0
1.769857965252528,-1.9551544099102915,0.0359769456176809,-0.2222064092177899,1.3511072533793749,-2.1263021751159163,120.0,22.0,26.0,27.0,1978.0,5.0,72.0,500.0,7.05,0.1,0.0,7.3,10.3,2344.0,POND,0
2.9198352536253287,-2.7990705250461603,0.7483701892164962,0.7955830135607682,1.1756392812695438,-2.243393784485409,50.0,25.0,35.8,31.0,3294.5,6.0,30.0,261.0,7.05,0.1,0.0,7.2,14.855000000000002,2345.0,POND,0
-1.3760877943498286,-0.3475331736410458,-0.7535214720762006,1.2190981443941171,1.1418473796411632,0.3378801322882708,120.0,25.0,5.0,30.0,480.0,5.0,62.0,1000.0,2.0,5.1,0.0,7.8,4.6,2346.0,POND,0
3.2129805597335332,-3.431651524359925,3.625961950521312,0.122651642081255,-2.229320998783236,-1.3421823224963876,45.0,20.0,35.8,38.0,3294.5,18.0,8.0,200.0,7.05,0.1,2.3000000000000003,5.800000000000001,14.855000000000002,2347.0,POND,0
0.4661187006472991,-1.3845237660470773,0.0399989429815977,-0.4361348666701818,0.3895630211406099,-1.470330069527278,65.0,20.0,12.0,27.0,1473.0,7.0,32.0,520.0,5.0,1.0,0.0,7.1,10.3,2357.0,POND,0
1.4331354783603831,-1.709987560371658,0.1967459637273512,0.2524043615263627,1.9233280868851352,-2.5865795372983587,90.0,22.0,28.0,28.0,2425.0,6.0,60.0,420.0,7.05,0.1,0.0,7.4,3.3,2359.0,POND,0
0.8631861225184295,-1.7794492641641624,1.9872414641179992,0.4623839059496949,1.188179012469324,-1.81494837438114,60.0,20.0,22.0,33.0,1482.0,13.0,36.0,402.0,7.05,0.1,0.0,7.4,8.6,3075.0,POND,0
1.5181574491215044,-2.213984564414531,1.7065294138272262,0.564782590407112,0.932909044120912,-1.326047152848602,130.0,22.0,20.0,33.0,1736.0,11.0,40.0,1760.0,7.05,0.1,0.0,7.4,14.855000000000002,3076.0,POND,0
1.1568554225955232,-1.1094672614837846,-0.0862086179095468,0.9380187208863988,0.6230422692035689,-2.253826751062523,150.0,25.0,18.0,30.0,1350.0,5.0,80.0,1100.0,7.0,0.1,0.0,6.9,3.0,3077.0,POND,0
1.351889606417155,-1.688490223703656,0.9154172176729124,1.3143308251300256,1.102895033347052,-1.712935949288514,150.0,25.0,20.0,33.0,1653.0,8.0,88.0,360.0,7.05,0.1,0.0,7.3,7.4,3078.0,POND,0
-1.859599787130796,-0.027118392314171,0.3757137183953548,1.4382352393632571,0.7913229998045808,0.1622514656199072,140.0,23.0,4.0,33.0,465.0,10.0,76.0,1000.0,2.0,5.4,0.0,7.6,2.1,1447.0,TANK,0
-0.3732951607783271,-2.161293837983526,0.2748014270680076,-1.03792372553281,-0.4182579939470679,2.2017395069827925,20.0,20.0,6.0,29.0,628.0,9.0,4.0,165.0,3.0,6.1,2.3000000000000003,7.4,14.855000000000002,1464.0,TANK,0
1.0011412033056897,-3.04126783089147,2.979615185011991,0.356064423335907,-0.1325028791431415,1.2655387414621928,26.0,21.0,15.0,38.0,1825.0,17.0,8.0,164.0,7.05,4.9,2.3000000000000003,7.2,14.855000000000002,1780.0,TANK,0
1.1272450697905452,-3.022421092838685,2.451562795413201,0.0210741733368674,-0.825431072442546,0.900740625112588,33.0,20.0,10.0,36.0,3294.5,16.0,5.0,342.0,6.0,5.6,2.3000000000000003,6.7,14.855000000000002,1783.0,TANK,0
0.8663035665537848,-2.0175382173308027,0.0296726381072761,-0.3026155724071652,1.0540261513205116,-0.993642098796786,6.0,21.0,10.0,28.0,3294.5,7.0,4.0,180.0,7.05,6.2,0.0,7.1,14.855000000000002,2348.0,TANK,0
2.4418660515792165,-2.379385816040569,0.6047681032255405,0.0497900755039768,1.1901439745686553,-2.0646864700801406,90.0,23.0,35.8,29.0,2059.0,6.0,62.0,800.0,7.05,0.1,0.0,7.3,14.855000000000002,2358.0,TANK,0
-1.2598644104212011,-0.3728570784261384,-0.044315810425897,0.6542748291111333,0.7453240012632029,-0.2717364246018656,120.0,22.0,5.0,30.0,468.0,8.0,70.0,320.0,3.0,4.0,0.0,7.5,4.5,3084.0,TANK,0
1.4506655930100587,-1.9226808344075024,0.1372071053861671,0.4686713907769255,1.351468259507353,-0.9482710631716962,60.0,25.0,28.0,30.0,1169.0,5.0,39.0,800.0,7.05,3.7,0.0,7.5,14.855000000000002,3085.0,TANK,0
0.8379610575743003,-2.990580942932888,2.903883121468706,-0.054537200186834,-0.8782925245061528,1.0280907255347884,30.0,19.0,12.0,36.0,1491.0,17.0,5.0,250.0,4.0,0.1,2.3000000000000003,7.2,14.855000000000002,3086.0,TANK,0
-1.765218987633853,0.303180051102961,-1.8688838490306368,0.6460681084279724,0.4553355630360111,0.7421721549142266,220.0,25.0,2.5,27.0,195.0,2.0,170.0,350.0,1.0,7.2,0.52,7.4,1.24,1727.0,LAKE,0
-1.552581183896186,0.6826638838014001,-1.9396850503055316,0.6524608257413573,-0.6804502365355883,-0.0468078457231267,220.0,25.0,2.6,27.0,235.0,2.0,170.0,350.0,1.1,6.9,0.29,6.7,0.85,1728.0,LAKE,0
-1.768318143280568,0.3876353573631627,-1.924690445739682,0.6524878691818229,-0.2279233486860702,0.5035007486398607,220.0,25.0,2.0,27.0,128.0,2.0,120.0,350.0,0.5,6.8,0.45,7.1,1.77,3391.0,LAKE,0
-1.9773058698546195,0.0918740424886122,-1.4908397097907575,0.7986487361834494,1.5112243077745764,0.6756366195898774,220.0,24.0,0.9,27.0,141.0,3.0,170.0,400.0,0.2,4.1,0.19,8.1,0.67,3392.0,POND,0
-1.737400866299731,0.2365697044764343,-1.779516496224269,0.8172810027466136,0.6684336757941006,0.5389153382953714,210.0,25.0,1.5,27.0,179.0,2.0,170.0,350.0,0.4,5.1,0.3,7.6,1.13,3393.0,POND,0
-2.2715950062173764,0.1926099449866937,-1.7354596292211446,0.7600726370145314,1.8845513846112711,1.2407045793894185,220.0,24.5,3.0,27.0,173.0,2.5,170.0,350.0,0.6,7.7,0.31,8.2,1.12,3394.0,POND,0
-2.305921269834626,0.3526768424887441,-1.7529450608151165,0.8622807831248736,1.7453473594402826,0.9223044173441542,220.0,24.5,2.1,27.0,169.0,2.5,170.0,350.0,0.5,7.1,0.11,8.1,0.37,3395.0,POND,0
-1.9945935729782125,0.8213829210444201,-1.893677066140072,0.7253121007159533,-0.1816582298051535,0.1328368208400915,220.0,24.5,1.9,27.0,167.0,2.5,170.0,350.0,0.5,7.3,0.1,7.0,0.33,3396.0,POND,0
-0.1380852754362041,3.277190024278188,1.8028053921927545,-0.9077623764907315,1.803121911430619,0.8504300536093315,10678.0,15.0,5.1,30.0,685.0,15.0,766.0,31301.25,3.9,7.1,0.0,7.5,1.66,1364.0,LAKE,0
-0.3946951502716154,1.5345604307960783,1.3472170728064663,0.4606352223703585,2.667239846620185,0.7715040436762782,6800.0,20.0,4.9,32.0,618.0,12.0,766.0,8900.0,4.5,5.0,0.09,8.1,1.12,2499.0,LAKE,0
2.8920629064311267,1.0781799680421158,3.93611584765565,0.4130584921594837,3.873937768592857,-1.3357952574317629,9400.0,17.0,35.8,35.3,3294.5,18.299999999999997,766.0,31301.25,7.05,0.0,0.0,8.1,0.0,2500.0,POND,0
2.68880498041167,1.9445212898592432,3.6296472594114655,-0.2219395696493255,1.827715179324641,-1.87335775432193,9400.0,16.0,35.8,34.0,1715.0,18.0,766.0,31301.25,7.05,0.0,0.0,7.1,0.0,2501.0,POND,0
-2.884520434766753,0.2580473514899973,-0.6910122074815709,-3.080815086131161,0.6995419159115422,-0.1803058729391415,356.0,10.0,1.8,19.0,510.0,11.0,45.0,1500.0,1.0,6.8,0.51,7.4,2.61,1362.0,LAKE,0
-2.9262434115782456,0.3239888354585759,-0.8354912486334016,-3.0943968110819946,0.7161970079325444,-0.1114096899525656,356.0,10.0,1.8,19.0,310.0,10.0,45.0,1500.0,1.2,7.2,0.51,7.4,2.61,3437.0,LAKE,0
0.6849424047035322,2.5365661483138138,0.99075362346866,0.918581220735301,-1.9495110500029509,-0.4293726612864779,10678.0,23.0,13.2,34.0,578.0,11.0,400.0,17000.0,2.4,5.0,0.43,5.800000000000001,0.69,1765.0,LAKE,0
1.567704971852071,2.530375215724998,2.448792276967291,0.7274431181135332,2.0743007117704075,0.2532213734220463,10678.0,21.0,22.2,35.0,764.0,14.0,766.0,31301.25,5.3,4.1,0.0,7.6,2.31,2503.0,LAKE,0
1.2918616574498507,2.676393549023145,2.327879433837745,0.7998732190904903,1.604148193819232,0.4686190153129106,10678.0,21.0,18.0,35.0,794.0,14.0,766.0,31301.25,4.0,3.9,0.0,7.5,2.75,2504.0,LAKE,0
0.7754972126351535,2.8699611209004927,2.2097139105692483,0.9387601675934834,1.907676185244652,0.9617023107404632,10678.0,21.0,23.3,35.0,768.0,14.0,766.0,31301.25,1.9,5.3,0.0,7.8,2.48,2505.0,LAKE,0
-0.1230954251900427,2.739494881928482,0.3180600053001555,0.0855610588229039,-0.0111960542101992,0.5377739523023619,6000.0,21.0,4.5,30.0,79.0,9.0,766.0,22000.0,2.4,5.5,0.33,6.8,0.48,2519.0,LAKE,0
-0.5632024684619277,3.6219674107780184,-0.1453106682877201,-3.360996498341948,0.3044990099214243,0.0400903166015686,8000.0,10.0,3.6,20.0,139.0,10.0,766.0,31301.25,2.3,6.4,0.3,6.7,0.63,2520.0,LAKE,0
-3.204050373531057,0.873369121724974,0.3110279933079122,-2.195488820902681,-0.1190534900234014,-0.4002501549385062,230.0,10.0,2.5,24.0,44.0,14.0,110.0,1400.0,0.8,7.1,0.31,7.0,0.6,2521.0,LAKE,0
-2.863478147838777,1.2738557710817584,-1.2920379933112285,-3.192633667108591,-1.5439664681925067,-1.1353274456502125,140.0,10.0,2.4,18.5,34.0,9.0,90.0,1400.0,0.5,7.6,0.37,6.1,0.53,2522.0,LAKE,0
-1.699757884808439,1.6731370077616154,1.3766856783412853,0.9912203593062704,0.7138063200109713,0.6376307762114235,2600.0,20.0,5.4,34.0,299.0,14.0,700.0,3400.0,1.1,6.4,0.06,7.4,0.5,2539.0,LAKE,0
0.1510132316162727,3.257074567978982,1.7350609130974162,0.1252888992028763,0.2501346692459981,0.5000642688167489,10678.0,18.0,5.4,32.0,554.0,14.0,766.0,28000.0,0.6,2.4,0.07,7.1,0.63,2544.0,LAKE,0
0.0371150860235894,-1.4790794821021145,-1.3180609325226544,0.4853518063279994,0.0159862831866268,-0.3298692034812855,21.0,24.0,3.2,27.0,3294.5,3.0,9.0,210.0,1.6,3.2,1.02,7.0,3.6,4368.0,LAKE,0
-0.3848883636671569,-0.8027945175691433,-1.2128551717372855,0.98870521349681,-0.5631643828946484,-0.1832393216724201,23.0,26.0,4.6,29.0,1179.0,3.0,15.0,240.0,1.9,3.0,0.77,6.9,3.56,2353.0,LAKE,0
-0.6078657209502021,-1.4183627000287813,-0.9362292880651508,-0.9766194935070948,0.7074172255360965,-0.4462511891349749,3.0,18.0,2.8,24.0,3294.5,6.0,3.0,150.0,2.4,4.2,1.2,7.2,1.64,1790.0,LAKE,0
-1.543636002625329,0.3763640714979163,-0.7376744208582416,0.4300461023879024,-1.652756217989476,-0.553458426539477,365.0,22.0,2.5,29.0,476.0,7.0,24.0,549.0,1.0,5.4,0.34,6.3,2.3,4391.0,TANK,0
-1.997803293635716,0.0214706955035522,-0.1625336577342409,0.6213099974482634,0.1896355655640823,0.0867132785037868,289.0,21.0,2.3,30.0,734.0,9.0,43.0,727.0,1.0,5.4,0.35,7.3,1.0,4921.0,Wetland,0
-1.8566088377192576,0.1381530237510031,-2.3961444126542575,-0.4563721674550735,0.040125409115005,0.0102236948251014,4.0,22.0,2.2,23.0,320.0,1.0,3.0,150.0,1.2,6.8,0.42,7.1,1.79,4936.0,Wetland,0
-2.019478391065522,0.1728253697417342,-0.2473186096440306,0.2922466868713194,-0.1366837333803285,-0.1914482426299118,322.0,20.0,2.2,29.0,608.0,9.0,45.0,602.0,1.0,5.1,0.32,7.1,0.67,4919.0,Wetland,0
-0.7757212532217367,-1.0312381320082098,0.0797515945678181,1.0599626201582335,0.2628479823673581,-0.5854436558231636,15.0,22.0,2.5,31.0,3294.5,9.0,4.0,150.0,1.5,4.2,0.38,7.1,2.82,4926.0,Wetland,0
-0.2309219631087621,-1.2195039452577747,-0.9510742098805036,1.7756623634712665,0.1926605172328275,-0.180838306274673,15.0,27.0,3.6,31.0,3294.5,4.0,4.0,120.0,1.4,4.5,0.63,7.1,2.86,4931.0,Wetland,0
-0.5002270049759718,-0.4592579509012026,0.1273891089622722,0.1020746089148064,-1.0459770090535978,-0.0208742847065344,659.0,21.0,3.5,30.0,1326.0,9.0,191.0,1120.0,2.2,3.8,1.08,6.6,4.51,4917.0,Wetland,0
-0.3128419742751209,-1.3888310690042387,-1.9366606784851068,0.479785703236683,0.8882054899016403,0.1497495169208934,3.0,25.0,2.8,26.0,3294.5,1.0,3.0,150.0,2.4,6.1,1.12,7.3,1.8,4934.0,Wetland,0
-0.7798037439426407,-0.1981506978426448,-0.3849570814271421,0.6845360147132117,-0.5696461734004497,-0.1344406993642931,525.0,23.0,3.2,30.0,1303.0,7.0,170.0,1120.0,1.8,4.3,0.65,6.8,2.91,4918.0,Wetland,0
-0.3056855601366955,-1.341113242183616,-1.147602949875751,0.6525634844742918,0.4387216701278784,-0.1629198700913815,3.0,24.0,2.8,28.0,3294.5,4.0,3.0,150.0,2.4,5.1,1.03,7.1,1.81,4933.0,Wetland,0
-1.7018120384171662,0.1795812696310627,-0.975344045537122,0.0350131726535819,-0.3089187871576976,-0.1046134052164584,376.0,21.0,1.7,27.0,560.0,6.0,84.0,659.0,1.0,5.3,0.33,7.0,2.57,4916.0,Wetland,0
-0.0013479716518516,-1.808173854136448,0.6446870096941019,0.8815583268831447,0.0505153138426413,-0.1292017151438594,28.0,22.0,4.1,32.0,3294.5,10.0,7.0,1100.0,1.8,2.0,1.0,7.2,6.16,4925.0,Wetland,0
-1.2824128351048156,-0.1741483642312072,-0.7938569426556262,1.0413218854733737,-0.5014047171448597,-0.36042699561064,21.0,24.0,4.1,30.0,1340.0,6.0,4.0,210.0,1.5,5.8,0.32,6.8,1.92,4930.0,Wetland,0
0.2803238371240399,-1.5421991784768991,0.6756792953015001,0.8585526164563131,-0.1464710117564829,-0.8022461805801862,23.0,22.0,22.0,32.0,3294.5,10.0,9.0,460.0,1.5,3.5,1.02,6.9,3.87,4924.0,Wetland,0
-0.7739849515091158,-0.2510207568741435,-0.912700586848527,0.5151628081705641,0.2060136545091002,-0.1904613037467916,629.0,23.0,3.0,28.0,1702.0,5.0,180.0,1046.0,1.8,4.6,0.42,7.1,2.94,4915.0,Wetland,0
1.697128528886363,-1.9333078398120007,0.2644020957609492,0.8328134374984351,-1.331364431307991,-0.5089151211498472,39.0,26.0,35.8,32.0,1450.0,6.0,21.0,2400.0,1.9,0.3,1.96,6.6,6.09,4928.0,Wetland,0
-1.2809964054156342,-0.0551180691693323,-1.1662281232791207,0.2127989137703241,-0.5125870002410171,-0.4130180889080607,356.0,22.0,2.7,27.0,1210.0,5.0,41.0,840.0,1.2,5.1,0.38,6.8,2.34,4923.0,Wetland,0
-1.9161070372811224,0.0221172340702895,-0.4472194340729207,0.4687383893798903,0.0487616042905943,-0.0674972827500666,373.0,21.0,1.8,29.0,795.0,8.0,25.0,594.0,1.0,5.2,0.34,7.2,0.94,4920.0,Wetland,0
-1.4520276624677533,-0.1607096214807326,-0.38404792216711,1.4857619340109816,-0.6028658868715274,-0.0272982488264663,4.0,25.0,2.4,32.0,392.0,7.0,3.0,75.0,1.2,4.1,0.34,7.0,2.29,4927.0,Wetland,0
0.1132948076472376,-1.3004042071488044,-0.914474406791172,1.1698191153365796,0.1428444003906114,-0.9366758127734968,15.0,25.0,5.8,29.0,3294.5,4.0,4.0,150.0,1.8,2.3,0.46,7.0,3.02,4929.0,Wetland,0
-0.9248416187755124,-0.7170498605992419,-1.6644982870759737,-0.9227852118368228,-0.155861232855262,0.4169580379541147,4.0,21.0,4.4,24.0,937.0,3.0,3.0,2400.0,2.6,6.4,1.27,7.0,4.52,4935.0,Wetland,0
-0.9374192565062957,-0.5914237639871626,-0.8975811396137012,0.5934063904408169,-0.1568487124798178,-0.5369913271546092,7.0,23.0,2.8,28.0,1175.0,5.0,4.0,93.0,1.4,2.2,0.42,7.1,2.29,4932.0,Wetland,0
-0.7470170795189567,-0.9941339022252548,-2.0398423299597823,-0.0728430045844387,0.8604571300292562,0.0875552794893776,2.0,24.0,2.4,24.0,282.0,0.0,2.0,2.0,2.3,1.0,1.0,7.7,1.0,3785.0,LAKE,0
-0.976020157408958,0.4117361607529713,-1.2309066416953884,-0.1371805611849461,-0.1096283510658194,-0.0854835625474087,910.0,22.0,2.7,26.0,208.0,4.0,300.0,2000.0,2.0,3.8,0.6,7.0,1.2,3789.0,LAKE,0
-1.3935105861260966,0.3824042842679614,1.0201816371313628,1.7479944210059433,-0.6122158833000063,0.5892120995981136,730.0,24.0,2.6,36.0,81.0,12.0,300.0,1500.0,1.6,4.5,0.7,7.0,1.1,2206.0,LAKE,0
-1.323562135298432,0.2667877801775264,0.3630565564297166,0.4813946566161363,0.0800478986205276,0.2659214880611875,730.0,21.0,5.0,31.0,288.0,10.0,300.0,1600.0,2.0,4.6,0.6,7.2,2.0,2218.0,LAKE,0
-1.2785678639538314,0.1349986544740868,0.6122727562060806,0.2501373559706988,0.0542633953672751,0.2958593890426124,730.0,20.0,5.2,31.0,291.0,11.0,300.0,1600.0,2.2,4.2,0.8,7.2,1.8,1529.0,LAKE,0
-1.3609153911204843,0.3366992238712481,0.9390219932028152,1.076140732306104,-0.4793984392987468,0.3592645669374936,730.0,22.0,2.9,34.0,98.0,12.0,300.0,1600.0,2.0,4.2,0.7,7.0,1.4,3821.0,LAKE,0
-1.0604597814370107,0.4552993878017565,-1.5428862083447634,-0.290337373939432,-0.0569938979229014,-0.0919009638314255,730.0,22.0,2.8,25.0,130.0,3.0,300.0,1500.0,2.0,4.2,0.6,7.0,0.9,3787.0,LAKE,0
-1.8040019059643833,0.5135675052777859,1.50314653511588,0.896114281077405,-0.8399373180205392,0.3240425895394789,360.0,20.0,2.5,35.0,85.0,15.0,300.0,910.0,1.9,5.4,0.7,6.8,1.2,4337.0,LAKE,0
-1.2020987232796303,0.4356477154955707,-1.110541226238356,-0.6162375458442202,-0.0441350081486016,-0.2066390743293349,610.0,20.0,2.8,25.0,164.0,5.0,300.0,1600.0,2.1,4.0,0.6,7.0,1.0,3800.0,LAKE,0
-0.9524174052575588,0.2179290640232048,-1.4737550702449134,-0.3586605297300688,0.2797279338451656,0.1677860568264137,720.0,22.0,2.8,25.0,161.0,3.0,300.0,2000.0,2.3,4.0,0.8,7.2,1.1,2205.0,LAKE,0
-1.6021708490507098,0.5916277261432787,0.167834701789819,0.1316110448352883,-0.1614472401554614,0.2351813194289989,930.0,20.0,2.8,30.0,152.0,10.0,300.0,2000.0,2.2,5.8,0.6,7.0,1.2,3808.0,LAKE,0
-1.6535272062852613,0.4414127435101996,1.5626293081719742,0.6428310055725401,-0.4309379425717692,0.122706118969107,730.0,19.0,2.9,34.0,143.0,15.0,300.0,2000.0,2.0,4.0,0.6,7.0,1.1,3798.0,LAKE,0
1.4348264066414598,-0.1099586960156687,2.0971364006506525,-0.0243945564036895,0.809754131489781,-0.5392862726543552,2300.0,20.0,19.0,33.0,532.0,13.0,766.0,4300.0,7.05,0.3,1.2,7.1,2.6,3814.0,LAKE,1
-0.9744096676848016,0.5272338492559092,-1.3208340476159353,-0.5023578148035025,-0.3867553798157083,-0.2983606763217551,910.0,21.0,2.8,25.0,158.0,4.0,300.0,2100.0,2.2,4.0,0.6,6.8,1.2,3804.0,LAKE,0
-1.4263010402386316,0.453160994446761,-0.9526864590008765,-1.0903791035027712,0.345276866767859,-0.1010674700818569,910.0,18.0,2.6,24.0,130.0,6.0,300.0,2000.0,2.1,4.2,0.6,7.2,1.2,2225.0,POND,0
-1.0295961801821578,0.4992739188389953,-0.5304423164288725,-0.4834136733187289,-0.2081743629825327,0.3867630982261181,2300.0,20.0,2.6,27.0,242.0,7.0,300.0,4300.0,2.0,4.5,1.0,7.0,1.3,2219.0,POND,0
-1.1315760942270696,0.3144603099102116,-1.2926538364638835,-0.4164197504065282,0.3147807359156088,-0.0250295599929128,730.0,21.0,2.8,25.0,297.0,4.0,300.0,1500.0,2.0,4.0,0.6,7.2,1.1,2207.0,POND,0
-1.9824505662083032,0.6377077574858755,1.3461506794324634,0.2856617131916127,-0.6818977327951052,0.1242142540823399,360.0,18.0,2.6,33.0,111.0,15.0,300.0,1100.0,2.0,5.8,0.6,6.8,1.1,3772.0,POND,0
-1.9105252161116113,0.5052117144208542,1.4387529175695666,0.5856695652003421,-0.5894195500504189,0.3297422982858631,360.0,19.0,2.5,34.0,96.0,15.0,300.0,910.0,2.0,5.6,0.7,6.9,1.1,2208.0,POND,0
-1.436685750023686,0.2591751251834626,0.2859443018237366,0.1254821323735809,0.0116556076002561,0.3254545589371209,730.0,20.0,2.8,30.0,88.0,10.0,300.0,1500.0,2.0,4.0,0.8,7.2,1.1,2214.0,POND,0
-1.415777826671098,0.3060391331195037,0.3846238065196923,0.7883490981242224,4.840709498713788e-05,0.4599916127032295,730.0,22.0,2.6,32.0,108.0,10.0,300.0,1500.0,2.1,4.6,0.7,7.2,1.1,2220.0,POND,0
-1.3320437070542437,0.1533084113356174,1.7059885764739218,0.7926946161674101,-0.3097250833823963,0.6268291489900172,730.0,20.0,3.0,35.0,321.0,15.0,360.0,2000.0,2.3,4.2,1.0,7.1,1.8,2216.0,POND,0
-1.1154926676404038,0.1453917065311975,0.24061009158079,-0.1751479097139486,-0.0998548582057002,-0.036448189538156,910.0,19.0,2.8,29.0,882.0,10.0,300.0,2100.0,2.2,4.0,0.8,7.0,1.3,1263.0,POND,0
-1.8944658529920393,0.4970330201848073,0.1248899285996087,0.1360538946120687,0.3508785092751554,0.6778184967608617,720.0,20.0,2.5,30.0,103.0,10.0,300.0,1500.0,2.1,6.8,0.7,7.3,1.1,2228.0,POND,0
-1.317908751162003,0.5053666200839713,-0.8157388543907826,-0.1374888435659673,-0.176116606252185,0.0301831982890169,730.0,21.0,2.8,27.0,89.0,6.0,300.0,1500.0,1.8,4.5,0.6,7.0,1.1,2221.0,POND,0
-1.9502437040224616,0.2682798322054878,1.6496997647141212,1.0830152525231418,-1.8807409166196687,-0.0890807138580636,730.0,20.0,2.7,36.0,83.0,16.0,2.0,1500.0,1.3,4.8,0.7,6.4,1.4,2209.0,POND,0
-2.0105914615640903,0.4297972522943271,0.6894004135681632,0.4899734217950273,0.5039324309658595,0.7059117188430374,360.0,20.0,2.6,32.0,119.0,12.0,300.0,1500.0,2.3,6.8,0.6,7.4,1.2,2212.0,POND,0
-1.8728268531830496,0.5832342476188019,1.0684786471501917,0.0575867874894379,-0.9227603796772398,0.1748934842449297,360.0,18.0,2.7,32.0,77.0,14.0,300.0,910.0,1.8,5.6,0.8,6.7,1.1,2227.0,POND,0
-1.6467347574805715,0.4188372131632007,-0.0208626672376922,0.5694751419716414,0.1549500352681874,0.778738518771853,720.0,22.0,2.8,31.0,210.0,9.0,300.0,1400.0,2.2,7.0,0.8,7.2,1.1,2213.0,POND,0
-1.4386100971455051,0.3789861232890609,1.6468643652802883,0.886691647926322,-0.4042595535480835,0.4140615363553458,910.0,20.0,2.9,35.0,404.0,15.0,360.0,2000.0,2.1,4.5,0.8,7.0,1.2,3809.0,POND,0
-1.4974805479201874,0.2977980280033414,1.5110959099301018,1.433450020674897,-0.2210319599184403,0.5742788992994574,910.0,22.0,2.6,36.0,95.0,14.0,300.0,2100.0,1.9,4.0,0.7,7.2,1.1,2223.0,POND,0
-1.7072592885211226,0.8481175630181695,1.8425452071337611,0.4865169260848022,-2.273477538234867,-0.3883373218159947,360.0,18.0,2.6,35.0,88.0,17.0,300.0,910.0,1.8,5.0,0.7,6.0,1.1,4006.0,POND,0
-1.5854859665712158,0.3584529602162393,0.3272688443373765,1.0474684413497826,0.0823988157693447,0.8897146855661322,730.0,23.0,2.7,33.0,304.0,10.0,300.0,1500.0,2.2,7.0,0.8,7.2,1.3,2211.0,POND,0
-0.8710171137344014,0.453086900527009,-1.5315852241740808,-0.3629107067820338,-0.4060089629304245,-0.196661147574839,940.0,22.0,2.6,25.0,179.0,3.0,300.0,1600.0,2.2,4.0,0.7,6.8,1.0,3806.0,POND,0
-1.3289083480955344,0.338332743039531,1.6189544917364431,2.0410758034098793,-0.6611501310482869,0.5943041852586698,910.0,24.0,2.6,38.0,80.0,14.0,300.0,2000.0,1.9,4.1,0.7,7.0,1.2,2222.0,POND,0
-1.3258403812041288,0.2122455788197,1.106239330781105,1.7521030647597329,0.0006880923352753,0.7336891243969057,910.0,24.0,2.6,36.0,126.0,12.0,300.0,2000.0,2.1,4.3,0.7,7.3,1.2,2224.0,POND,0
-1.6361904797165192,0.5495316999476718,0.7466934025897896,0.7625347520845113,-0.6830950451839601,0.1980060379949881,360.0,21.0,2.6,33.0,109.0,12.0,300.0,910.0,2.1,5.6,0.6,6.8,1.2,2210.0,POND,0
-1.378497957880903,0.3615108319399572,0.5999734498530824,0.6144029737493933,-0.3925570382856561,0.2076160783695745,730.0,21.0,2.7,32.0,105.0,11.0,300.0,1500.0,2.0,4.0,0.7,7.0,1.1,2215.0,POND,0
-1.544611142418971,0.5415395929240429,1.8455081419783743,1.0459755654337672,-1.294043897820556,0.050154795068254,730.0,20.0,2.8,36.0,90.0,16.0,300.0,1500.0,1.8,4.0,0.7,6.6,1.1,2226.0,POND,0
-1.5642048632693546,0.3169378484949884,0.5016195744243008,0.0574205376733276,0.2800745992075894,0.1837812659298151,730.0,19.0,2.7,30.0,247.0,11.0,300.0,2100.0,2.0,4.0,0.6,7.3,1.1,2217.0,POND,0
-1.9349264909374575,0.5265188768542155,1.9850698812370429,0.8888453340234179,-0.8488585298452708,0.3094337305513609,360.0,19.0,2.8,36.0,89.0,17.0,300.0,910.0,2.0,5.5,0.7,6.8,1.1,4334.0,POND,0
-2.075725980585707,0.3052821653838954,1.581750616146625,1.078985823613262,-2.0032707464853536,-0.1277818572568619,300.0,20.0,2.6,36.0,88.0,16.0,2.0,730.0,1.4,5.5,0.7,6.3,1.1,1532.0,TANK,0
0.4783938145175737,3.0151192749694737,2.942347335590044,-1.4165919725620677,-0.2818425428824678,0.2251709514194982,10678.0,12.0,4.2,31.0,360.0,19.0,766.0,31301.25,2.4,1.7,0.15,6.8,6.2,2557.0,LAKE,0
1.1272898979081143,2.814348040086849,0.705633733224752,-0.1131411058182474,0.7377591818250201,0.1913328461713313,10678.0,20.0,16.0,29.0,1080.0,9.0,680.0,31301.25,1.0,2.6,0.06,7.2,2.57,2571.0,LAKE,0
0.3886727815501391,2.6866769561412287,3.323563205395899,-1.0467805634324543,1.74625092097127,0.2487292609172302,10678.0,12.0,10.0,32.0,948.0,20.0,766.0,31301.25,3.7,2.2,0.3,7.6,0.5,4296.0,LAKE,0
0.6577067216178951,3.1016833221873075,1.5787674772188278,-0.2126671988581898,0.6361191320706795,0.4316619690897728,10678.0,18.0,6.9,31.0,817.0,13.0,766.0,31301.25,2.3,3.3,0.13,7.1,1.65,2574.0,POND,0
0.3706729217570715,3.0237645499177694,1.4916491025437608,-0.203458262616234,1.2764802749075903,0.969867044472357,10678.0,18.0,8.0,31.0,1140.0,13.0,766.0,31301.25,2.1,5.4,0.3,7.4,1.17,2573.0,POND,0
-0.0763653174484168,1.4945187066062096,2.062354190962859,-0.673234823715476,-0.8950284378809856,1.6828307300522232,10678.0,17.0,3.6,33.0,295.0,16.0,5.0,31301.25,2.4,7.5,0.5,6.9,14.855000000000002,2046.0,LAKE,0
-0.2461665195590112,-0.8455118175490407,0.2358499278527928,0.8904665952877536,0.8912983185529012,-0.8211653905283753,170.0,24.0,16.0,32.0,790.0,8.0,2.0,170.0,7.05,6.0,0.64,7.1,0.64,3163.0,LAKE,0
-2.0136259905111142,-0.0729957980051842,0.0432185924738947,0.6201152146678048,-0.018614786758235,0.1691333993740648,110.0,21.0,2.8,31.0,790.0,10.0,10.0,170.0,2.0,7.0,0.59,7.1,0.59,3164.0,POND,0
-1.199201189426576,0.6079896778695972,-1.0381420478646743,1.7078754282656452,-2.6974463786277965,-0.758413232778122,240.0,27.0,1.6,32.0,140.0,5.0,2.0,540.0,1.0,4.8,0.32,5.800000000000001,0.54,3175.0,LAKE,0
-0.815903610164996,0.5685028021261408,-1.4144907675029783,1.4573983241393784,-1.5743941574881168,-0.5307035559003316,1300.0,27.0,2.8,30.0,603.0,3.0,78.0,3300.0,1.0,4.3,0.32,6.3,0.39,3177.0,LAKE,0
-0.2667087978260695,0.7528498321646551,-0.9566283546313732,1.5077011794463069,-2.3381729959955733,-0.8534838547174255,2300.0,27.0,2.9,31.0,195.0,4.0,130.0,4900.0,1.0,1.6,0.32,6.0,1.22,3180.0,LAKE,0
-1.119647532201145,1.0932530182202165,-0.6849417931048095,1.8269178521856797,-1.9005601154242937,-0.08287239187772,3300.0,27.0,1.9,33.0,167.0,6.0,49.0,5400.0,1.0,5.9,0.32,6.2,0.44,4408.0,LAKE,0
-1.0510430126170958,1.086482145886865,-1.1657304416487564,1.8396537583293335,-1.8234248713285977,-0.0842623755159374,2200.0,28.0,1.8,32.0,96.0,4.0,170.0,2700.0,1.0,5.9,0.32,6.2,0.32,2269.0,LAKE,0
-0.6044443385608753,0.5602430141371333,-0.9948709216251688,1.54812981826446,-1.5879622304469092,-0.4964307207715693,2700.0,27.0,3.4,31.0,177.0,4.0,45.0,3900.0,1.2,2.8,0.32,6.4,1.12,3178.0,LAKE,0
-0.3107548395339686,0.7275032668854552,-0.6526890117347108,1.7020111610261566,-2.1878490142650207,-0.8548069711348364,2300.0,27.0,3.8,32.0,141.0,5.0,130.0,4900.0,1.0,1.2,0.32,6.1,0.52,3176.0,LAKE,0
0.6538815733988269,0.7769680153546143,-1.0954422565893545,1.4183830978560656,-0.9669710096482448,-0.7302461055552899,4900.0,28.0,8.0,30.0,463.0,2.0,230.0,7900.0,2.5,1.2,0.32,6.5,1.18,3179.0,LAKE,0
-1.6643094347904803,0.2836500254833801,-0.8400545262154553,2.0368272748701983,-1.1164011922555,0.1324368863972206,49.0,27.5,1.8,33.0,139.0,5.5,2.0,79.0,1.0,6.1,0.32,6.7,0.9,1549.0,LAKE,0
-1.6921157648102678,-0.2067022702712695,-1.4082912494540938,1.6637292513045183,0.6402027719958059,0.4628442666592814,11.0,27.0,1.0,30.0,502.0,3.0,2.0,70.0,1.0,5.1,0.32,7.6,0.39,1345.0,LAKE,0
-2.031138718293978,-0.0728599129457712,-1.0112887786290654,1.6471622484791346,0.662226666025867,0.6367645815570309,27.0,26.0,1.0,31.0,508.0,5.0,2.0,70.0,1.0,6.5,0.3,7.6,0.5,2076.0,LAKE,0
-0.3407684926220507,-0.8343425889014353,-1.4186313300847286,1.5864150854013594,0.5830777044461827,-0.5930654807200001,120.0,27.0,10.5,29.0,2415.0,2.0,12.0,350.0,1.0,3.5,0.3,7.3,1.3,1973.0,LAKE,0
-0.5243561615076109,-0.3447253692309269,-0.5883900410789669,1.1034588887498096,0.5390990015586554,-0.5945983180468513,920.0,25.0,19.0,30.0,669.0,5.0,26.0,1600.0,2.4,4.1,0.3,7.3,1.68,1344.0,LAKE,0
-1.2623366250264156,-0.5090058276053036,0.1219360179173525,2.528005582970759,0.998619350610073,0.3536753650744157,350.0,27.0,3.2,35.0,1621.0,8.0,70.0,540.0,1.5,4.7,0.24,7.7,0.72,1977.0,LAKE,0
-1.3110588990105396,-0.3796298736510449,-0.210813085962349,1.90404953803606,0.162195861927079,0.1306574987965655,140.0,26.0,3.2,33.0,646.0,7.0,23.0,350.0,1.3,3.4,0.32,7.4,1.6,3198.0,LAKE,0
-1.6358651789961385,-0.1646268296007033,-0.5308246883507511,0.8958826540975896,0.2067134511395834,-0.1925058804321581,7.0,23.0,2.8,30.0,690.0,7.0,5.0,28.0,2.2,5.2,0.33,7.2,0.46,3199.0,LAKE,0
0.803891207203133,-1.85659920023273,-0.1374178102280783,1.1405590394987988,3.534451469285946,-0.9686830238601054,920.0,25.0,22.0,30.0,3294.5,5.0,33.0,1600.0,7.0,4.8,0.32,8.2,1.63,1343.0,LAKE,0
-0.8169436259417979,-0.7952622292616177,-1.1438147909195198,1.6257974276130358,0.8157738116581994,-0.2504871276906961,170.0,26.0,2.5,30.0,3120.0,4.0,2.0,540.0,1.6,5.9,0.32,7.3,0.75,2078.0,LAKE,0
-1.8321259327825192,-0.0285046628780955,0.2397798324155551,-0.0043927913256895,-0.728850503820027,-0.8486818091867395,6.0,18.0,2.1,29.0,835.0,11.0,3.0,27.0,1.0,3.0,0.32,6.8,0.6,1975.0,LAKE,0
-1.7067201225930022,-0.09240099905048,-1.089644377026653,1.000368189903338,0.5511462835264556,-0.1241463403833044,21.0,24.0,2.4,29.0,1012.0,5.0,2.0,49.0,2.0,6.4,0.16,7.3,0.43,3197.0,LAKE,0
0.0457393269550327,-1.5665300257197892,0.4351745819323012,1.5865677255904354,2.842625966870735,-0.7683058237553547,540.0,24.0,27.0,32.0,3294.5,8.0,12.0,920.0,3.0,4.2,0.3,8.2,0.72,3201.0,LAKE,0
2.021661438232915,-2.150879711318276,0.1114227518452158,1.363533091625914,3.62386980855864,-2.080662670011036,920.0,26.0,35.8,30.0,3294.5,4.0,94.0,1600.0,7.05,0.3,0.16,8.2,1.1,3200.0,LAKE,0
-2.5170970690922765,0.1229169281926709,-0.046252890525224,0.6405687825305978,0.6657138957761444,-0.0245569090389937,6.0,20.0,1.1,30.0,773.0,10.0,2.0,33.0,1.0,6.2,0.01,7.5,0.42,2077.0,LAKE,0
0.0475589644054368,-1.1999436130584042,-0.7218506036133093,1.605696362795205,2.014745165769175,-0.6847387185304927,540.0,26.0,24.0,30.0,3294.5,4.0,33.0,920.0,1.8,5.0,0.32,7.8,0.76,1972.0,LAKE,0
-1.249046271763782,-0.3870333397547357,-0.6929352393681518,0.7904350387533744,0.2516336999707866,-0.5201225983278094,49.0,23.0,2.9,29.0,1020.0,6.0,2.0,130.0,2.2,3.5,0.33,7.2,0.35,1976.0,LAKE,0
-1.3551777403361875,-0.3622216136897151,-0.523690162501577,1.8107745501001544,0.8544658828327849,0.2389854844089908,350.0,26.0,4.1,32.0,1136.0,6.0,46.0,540.0,1.6,4.9,0.32,7.6,0.45,1346.0,LAKE,0
-0.8652879853918344,-0.1520568078626835,-1.5282929188651235,1.086449961305486,0.4180654260608635,-0.2130210455277475,350.0,26.0,4.1,28.0,779.0,2.0,130.0,540.0,1.8,3.5,0.3,7.3,0.91,3202.0,LAKE,0
-1.820345024371988,-0.0486604349804758,-1.4510537244838082,1.9493546884858433,0.5243383549897059,0.6675738378682243,17.0,28.0,1.9,31.0,564.0,3.0,2.0,120.0,1.0,7.0,0.3,7.5,0.57,2079.0,POND,0
-2.191985871839554,0.0609101720174822,0.0072303906722393,0.6331033072246163,0.3516139665591584,-0.3420127016137416,110.0,20.0,2.5,30.0,1038.0,10.0,2.0,280.0,1.0,5.4,0.04,7.3,0.32,1979.0,POND,0
0.5384821429184135,-1.1599679015255775,1.8670241368363245,1.1687762138759696,0.989918916375932,-1.941809656796453,540.0,22.0,29.0,35.0,1360.0,13.0,6.0,920.0,7.05,2.6,0.32,7.1,1.04,1971.0,TANK,0
0.2656319020713067,2.0549299313685094,-0.1124195112718199,0.0971432646954125,0.7525116856549625,0.5531201206131358,10678.0,22.0,4.5,29.0,812.0,7.0,100.0,31301.25,3.5,6.2,0.14,7.2,2.84,1349.0,LAKE,0
-0.3990610584907188,1.0348792365526205,-0.1001698081468588,0.3359822553994316,1.3424440129643989,0.3132745541592204,4800.0,22.0,4.8,29.0,488.0,7.0,400.0,12000.0,3.2,3.9,0.3,7.6,0.88,1392.0,LAKE,0
1.2456179730392762,2.582931835466422,1.358477811778388,-0.0765734376916117,0.7210971949416346,1.1606619557012516,10678.0,20.4,9.0,32.0,1360.0,11.6,766.0,31301.25,4.0,6.5,0.8,7.0,3.2,3033.0,LAKE,0
-0.0451613266750794,2.0524842445347833,-0.2409942750215379,0.2041219192152388,0.4704202674624804,0.2033045786331296,10678.0,22.0,4.6,29.0,785.0,7.0,100.0,24000.0,3.4,6.3,0.18,7.0,0.3,4857.0,POND,0
-2.819698734393013,0.650867442573967,-0.8059657394525178,-1.7410847719116442,0.3319604526581414,0.0916580579809948,540.0,14.0,1.0,23.0,380.0,9.0,94.0,1600.0,1.0,8.4,0.32,7.2,2.14,1291.0,LAKE,0
-2.710311654284808,0.813585737806502,-0.6527417638193456,-3.280125327442585,-1.6605256247804363,-1.5251712947236735,2.0,10.0,2.0,18.5,113.0,13.0,2.0,84.0,1.0,5.7,0.3,6.1,1.9,2650.0,LAKE,0
-2.933759894592405,0.3525511478624941,0.2821568923251271,-1.348639434409891,-0.1118421671552091,-0.3649068557544358,2.0,13.0,1.0,26.0,225.0,13.0,2.0,63.0,1.0,6.0,0.3,7.1,1.2,1292.0,LAKE,0
-3.0416352392691017,0.3298592790517143,-0.1762516293381255,-2.413044560621918,0.5529520964735358,-0.4993858035629583,46.0,10.0,2.0,22.0,625.0,12.0,26.0,350.0,1.0,6.5,0.32,7.3,0.82,1429.0,LAKE,0
-2.4369258576910187,0.4471481027992017,1.1319905674279402,-1.5999289065097293,-0.3521532451594127,-0.6118754193780368,920.0,11.0,5.0,27.0,746.0,16.0,110.0,1600.0,1.0,5.3,0.41,6.9,1.74,2649.0,LAKE,0
-3.1062497606616115,0.7137408091749056,-0.5336117239497907,-1.3718849474457142,0.7140133038357499,-0.2079450274414638,356.0,14.0,1.0,24.0,225.0,10.0,45.0,1500.0,1.0,7.5,0.02,7.4,0.26,2738.0,LAKE,0
-2.586301083512325,0.1504460414166122,0.1067518849492104,-0.9512515463113352,1.8604119562003116,-0.2661915855696322,356.0,15.0,4.1,26.0,236.0,11.0,45.0,1500.0,3.1,6.2,0.03,7.9,0.04,2740.0,LAKE,0
-2.503024014939203,-0.063772590849448,1.3280609336908438,-1.9436454026522576,0.2003916435523045,-0.4894475117519576,356.0,10.0,2.8,26.1,479.0,16.900000000000002,45.0,1500.0,1.5,3.6,0.51,7.3,2.61,4044.0,LAKE,0
-1.4674790852124602,-0.5757888199540205,1.8659044020699245,-2.0196909613729748,0.3070960298024347,-1.4210867391823787,356.0,10.0,8.7,26.3,725.0,18.0,45.0,1500.0,3.3,0.5,0.51,7.2,2.61,4047.0,LAKE,0
-1.981380877565612,-0.3318491388532271,1.8877738171759917,-1.9866147275141035,0.0992872369471325,-1.0560799829018557,356.0,10.0,5.3,26.4,552.0,19.299999999999997,45.0,1500.0,2.4,1.4,0.51,7.2,2.61,4045.0,LAKE,0
-1.810063989506256,-0.6980857677077585,1.0475634711580106,-2.0822790599457273,0.7315970023208986,-0.9889990124733502,356.0,10.0,2.8,24.0,2889.0,16.7,45.0,1500.0,1.2,3.5,0.51,7.3,2.61,4043.0,LAKE,0
-1.4368930595871383,-0.5167212051942516,1.6261351499905703,-2.1135627949479177,0.1749385847239048,-1.466145674640264,356.0,10.0,7.6,25.8,676.0,16.9,45.0,1500.0,3.5,0.7,0.51,7.1,2.61,4046.0,LAKE,0
-2.1973006842796585,-0.0427578887245408,0.5264551012320791,-1.5594679373045304,0.2931302450846941,-0.3609136274485277,356.0,13.0,4.4,25.8,217.0,12.8,45.0,1500.0,2.0,4.3,0.51,7.3,2.61,4040.0,LAKE,0
-0.614898874324657,-0.7568938591959596,1.5141268428376051,-1.2334206003792625,0.3984760469061717,-1.6182304312662592,356.0,14.0,13.6,28.2,350.0,14.2,45.0,1500.0,5.4,0.5,0.51,7.1,2.61,4042.0,LAKE,0
-0.9817114243923472,-0.5975251106961854,1.4489453704440842,-1.277502953472596,0.1997775082706918,-1.3880659163790945,356.0,13.5,10.5,28.0,310.0,14.5,45.0,1500.0,4.4,0.7,0.51,7.1,2.61,4041.0,LAKE,0
-1.6632971735223878,-0.5771444979439403,0.8980537108182458,-1.730788596184311,0.4987990171094973,-0.9368542904262398,356.0,11.2,2.9,25.5,2110.0,14.3,45.0,1500.0,2.1,3.4,0.51,7.2,2.61,3254.0,LAKE,0
-2.238492176712992,0.0171857418149053,1.4976458413865334,-1.509786806810899,-0.375504414150294,-0.6690693376451962,356.0,11.3,3.7,28.0,206.0,16.7,45.0,1500.0,2.0,3.3,0.51,7.0,2.61,3252.0,LAKE,0
-2.29905809633712,0.0284319878301497,1.1865675126821906,-1.6024205766653288,0.0001710281821895,-0.4984808551398819,356.0,11.7,3.3,27.3,200.0,15.6,45.0,1500.0,2.7,4.7,0.51,7.1,2.61,3251.0,LAKE,0
-2.0114781056874973,-0.2790003855855908,0.958576491884642,-1.060165306510208,0.6710881820274143,-0.2800334543282345,356.0,14.0,6.4,27.8,430.0,13.8,45.0,1500.0,2.3,4.0,0.51,7.5,2.61,3259.0,LAKE,0
-2.686068529126795,0.0900345910443572,0.5551116558882448,-1.410262071560398,0.5663703754419941,0.1471304026509981,356.0,13.0,3.4,26.4,237.0,13.4,45.0,1500.0,1.3,6.0,0.51,7.5,2.61,3256.0,LAKE,0
-2.3033221235052848,0.2103446796786655,0.8831420007636118,-0.8610402833480133,0.5224386428761639,-0.9966711818491732,356.0,13.5,8.5,27.4,420.0,13.9,45.0,1500.0,1.0,2.8,0.02,7.4,0.02,3257.0,LAKE,0
-2.1934504182957224,-0.1850763713245608,1.0046048699098835,-1.067983628930267,0.6321004048257065,-0.1554878992047085,356.0,13.8,5.6,28.0,311.0,14.2,45.0,1500.0,2.2,4.5,0.51,7.5,2.61,3258.0,LAKE,0
-2.553522851389626,-0.0896253586446032,0.7010793408978284,-1.2534527012713372,1.0088736334008197,0.2040167374774156,356.0,13.5,4.0,27.0,227.0,13.5,45.0,1500.0,2.0,5.8,0.51,7.7,2.61,3262.0,LAKE,0
-2.7954541051898336,-0.1033150524980399,0.9512501626774466,-1.2228170027255898,1.353485172263977,0.4462723119461576,356.0,13.0,3.8,27.6,195.0,14.6,45.0,1500.0,2.0,6.4,0.51,7.9,2.61,3261.0,LAKE,0
-2.5933056467042173,0.1279243355965829,0.2787870318066042,-1.354008760776805,0.4526951510275346,0.1282807176309868,356.0,13.8,2.9,26.1,268.0,12.3,45.0,1500.0,1.5,6.4,0.51,7.4,2.61,3260.0,LAKE,0
-2.594912464359103,0.0193221418730727,1.343675361640292,-1.445481750554197,0.4909582046390565,-0.1105287129173627,356.0,11.7,4.6,28.0,202.0,16.3,45.0,1500.0,2.3,5.7,0.51,7.4,2.61,1309.0,LAKE,0
-2.4333199994650574,-0.1441000604316601,1.186312130056674,-1.390078600311305,0.8086631258511882,-0.107885759499765,356.0,12.2,6.3,27.5,267.0,15.3,45.0,1500.0,2.0,4.8,0.51,7.6,2.61,3253.0,LAKE,0
-2.9159711462403015,0.5488673356432844,-0.4297252919675924,-1.3295694452397666,0.8365163104663028,-0.36031831260068,356.0,14.0,1.0,24.0,239.0,10.0,45.0,1500.0,1.0,5.9,0.02,7.5,0.02,2739.0,LAKE,0
-2.1562346610022245,-0.0644136521608328,0.3110141995195266,-0.9944781953330848,2.407831821820523,-0.5443727486867206,356.0,15.0,16.4,26.0,240.0,11.0,45.0,1500.0,3.4,6.1,0.04,8.1,0.04,2741.0,LAKE,0
-2.2588168743571377,-0.1768005466614764,1.670875392202024,-1.840517513313316,0.1915244491006732,-0.6991843909580153,356.0,10.0,5.1,27.0,291.0,17.6,45.0,1500.0,2.0,2.5,0.51,7.3,2.61,4048.0,LAKE,0
-1.847902265619908,-0.1343491640231072,-0.0474695823864822,-2.7331364873605826,-0.0201203743454742,-1.1476010922825812,356.0,10.0,5.6,21.0,487.0,11.0,45.0,1500.0,1.3,1.6,0.51,7.1,2.61,4049.0,LAKE,0
-2.5505056008497,0.0733603820941937,1.1548833782629684,-2.351938319095214,-0.0732023839889559,-0.6738835215690079,356.0,10.0,4.6,24.0,165.0,17.9,45.0,1500.0,1.0,3.0,0.51,7.2,2.61,3266.0,LAKE,0
-2.6852166757414406,0.173210322550968,1.1070629337683735,-2.3680146029104683,-0.155494929457244,-0.5834838034425136,356.0,10.0,2.7,24.1,260.0,18.1,45.0,1500.0,1.3,4.2,0.51,7.1,2.61,3263.0,LAKE,0
-2.6494732171128788,0.1528615460145739,1.2976883087604794,-2.0274455002897485,-0.1698265792291596,-0.4948924585888553,356.0,10.0,2.7,26.0,249.0,17.4,45.0,1500.0,1.5,4.4,0.51,7.1,2.61,3264.0,LAKE,0
-2.2947166529042744,-0.0863326301833223,2.14679841127694,-1.6545110463617891,-0.2612231788990703,-0.8020000101910202,356.0,10.0,5.7,28.4,268.0,19.9,45.0,1500.0,1.8,2.4,0.51,7.1,2.61,3265.0,LAKE,0
-2.3751420777566374,0.1950990924858471,0.5091962381799306,0.5801143087263539,-0.2284232874629447,0.6127048852516267,356.0,20.0,1.6,32.0,243.0,12.0,45.0,1500.0,1.0,7.0,0.51,7.2,2.61,2398.0,LAKE,0
-1.6595400567328713,-0.1212892023630713,-2.5540463655890058,-1.4077159051811303,1.1708330116226076,0.1172382875716603,356.0,19.5,2.5,20.0,790.0,0.5,45.0,1500.0,2.4,7.4,0.51,7.5,2.61,2394.0,LAKE,0
-2.003977298869345,-0.3481159585768373,1.189283080365081,-0.032563809162673,0.598532711952065,0.1276706892324304,356.0,17.0,2.6,31.0,350.0,14.0,45.0,1500.0,2.1,3.6,0.51,7.6,2.61,4491.0,POND,0
-0.2560671349090192,-0.7487455794139718,-1.30631524571178,-0.9466187115197706,0.8477357915799583,-1.1157611589175944,356.0,20.0,12.8,23.0,790.0,3.0,45.0,1500.0,3.9,2.0,0.51,7.3,2.61,4740.0,POND,0
-0.7983746656331919,-0.5731676728826757,-1.2814123298279527,-1.1436882509961992,0.9544430594305204,-0.7301622473779368,356.0,19.0,4.8,23.0,790.0,4.0,45.0,1500.0,4.6,4.0,0.51,7.3,2.61,4741.0,POND,0
-2.535210872995224,-0.0669177862635754,1.2677600302099012,0.1302062191610067,0.5624001470857575,0.5839519192933702,356.0,17.0,2.6,32.0,332.0,15.0,45.0,1500.0,1.5,6.2,0.51,7.6,2.61,2393.0,POND,0
3.761250071985249,2.1740396382887117,-0.9135190142945876,-0.429841075062254,0.0606504586283394,-0.9202305993248084,10678.0,25.0,35.8,25.0,1399.0,0.0,766.0,31301.25,3.0,0.3,0.7,6.5,3.0,4506.0,LAKE,0
3.5887478730539337,1.7543204500307288,-1.0362038951805643,-0.8506624072062854,-0.2498714305382997,0.4272770280859374,10678.0,25.0,22.0,25.0,1268.0,0.0,766.0,31301.25,4.0,1.9,1.5,6.5,5.7,3612.0,LAKE,0
1.9355590092745103,3.0267503975076027,-1.5317391312702215,-0.2389342749769122,0.0992905473260527,0.2573112413580868,10678.0,25.0,8.0,25.0,963.0,0.0,766.0,31301.25,3.0,4.2,0.3,6.6,2.6,3628.0,LAKE,0
3.677797395664901,2.3994884921865465,-0.9900248445279244,-0.299464063461671,-0.0043541479443882,-1.3985182708984012,10678.0,25.0,29.0,25.0,1637.0,0.0,766.0,31301.25,4.0,0.3,0.3,6.3,2.2,4096.0,LAKE,0
2.0025417745732588,1.870157197092932,-1.5342318597490103,-0.6162715594871662,0.0824398296992625,1.1631657653914431,10678.0,25.0,7.0,25.0,985.0,0.0,490.0,31301.25,3.7,4.6,1.4,6.8,3.29,3615.0,LAKE,0
2.370030889581858,2.6642519100662785,-1.4454872583650775,-0.4616799053243874,0.022289749544267,0.3718276253445376,10678.0,25.0,9.0,25.0,1194.0,0.0,766.0,31301.25,4.0,4.4,0.7,6.5,3.2,4542.0,LAKE,0
2.6828268255081467,2.2747049586431323,-1.147529425563339,-0.4458025681709812,1.0061372535873891,0.4062354501598264,10678.0,25.0,17.0,25.0,949.0,0.0,766.0,31301.25,4.0,3.2,0.4,7.1,6.49,4515.0,LAKE,0
4.656006927319416,1.491671569304578,-0.6119299586191315,-0.9156498169878714,0.4960039437814171,-0.9478043257728253,10678.0,25.0,35.8,25.0,1187.0,0.0,766.0,31301.25,7.05,0.3,1.1,6.5,5.0,3602.0,LAKE,0
1.5484614942139685,-0.001764651393916,0.1324161520810775,0.6380180976305658,1.325203813649486,-0.6593526523421019,1840.0,24.0,35.8,29.0,1528.0,5.0,766.0,3200.0,1.0,0.3,0.32,7.6,6.0,3679.0,LAKE,1
2.0529376504279115,2.768867052879101,-1.486531919806081,-0.6921110094201135,-0.6294384693562279,1.2042959418126449,10678.0,25.0,5.0,25.0,312.0,0.0,766.0,31301.25,3.0,5.7,0.4,6.5,11.5,3649.0,LAKE,0
2.2736438784376203,2.788757490178504,-1.4770645218936955,-0.3216792706278803,-0.0414231897421471,0.2244723531512367,10678.0,25.0,11.0,25.0,1326.0,0.0,766.0,31301.25,3.0,4.0,0.6,6.5,2.3,4507.0,LAKE,0
3.4099290018914843,2.281147159163271,-1.0723994166663828,-0.2856563253093614,0.2881711672380387,-0.8874516788932754,10678.0,25.0,22.0,25.0,1871.0,0.0,766.0,31301.25,4.0,1.0,0.36,6.5,3.0,4095.0,LAKE,0
0.9144438000248886,2.2182857123299997,-1.8561361846874072,-0.0811351877218496,-0.6933158708206246,-0.0673931070453755,10678.0,25.0,10.0,25.1,521.0,0.1000000000000014,23.0,31301.25,2.0,4.8,0.3,6.5,2.2,4537.0,LAKE,0
4.243147467488486,1.6165176715215797,-0.7990515566683755,-0.9531334249009952,0.3569967511270359,-0.3478421858505116,10678.0,25.0,35.8,25.0,1238.0,0.0,766.0,31301.25,6.0,2.1,1.5,6.5,3.6,4520.0,LAKE,0
3.4080106504728587,1.8275796421688335,-0.1134387454492651,-1.463707943158194,-0.350873049920569,0.0694403962792734,10678.0,21.0,30.0,25.0,1336.0,4.0,766.0,31301.25,3.0,2.1,1.1,6.5,9.4,4521.0,LAKE,0
2.7239684608798496,2.650547894978314,-1.373902546120439,-0.555529190189538,-1.114986109400778,0.1866678762186735,10678.0,25.0,8.0,25.0,1114.0,0.0,766.0,31301.25,3.0,3.4,0.3,6.1,9.79,3645.0,LAKE,0
2.836538280201569,2.445842492771456,-1.3078777346086132,-0.4094506475368327,0.1986939140483949,-0.0555562093649343,10678.0,25.0,15.0,25.0,1769.0,0.0,766.0,31301.25,4.0,4.0,0.5,6.5,4.5,4518.0,LAKE,0
3.749589353929659,2.258059197020938,-0.9569284936534213,-0.5082400868210508,0.1380212653673903,-0.9528779150706926,10678.0,25.0,35.8,25.0,1453.0,0.0,766.0,31301.25,4.0,2.0,0.6,6.4,3.6,3613.0,LAKE,0
4.187964691150161,1.9597199700249333,-0.6674887432002894,-0.3026380606153907,-0.5016704338371845,-1.1033038265282114,10678.0,25.0,34.0,26.0,2720.0,1.0,766.0,31301.25,3.0,2.1,0.3,6.1,8.8,3654.0,LAKE,0
1.7157988643631084,3.3262040545027296,-1.5939889432224517,-0.2890751671056614,-0.0869176524079322,0.2492354724146009,10678.0,25.0,11.0,25.0,371.0,0.0,766.0,31301.25,3.0,4.8,0.4,6.5,0.8,4535.0,LAKE,0
3.749197525020304,2.024855973419352,-0.9289927082541756,-0.613304072082572,0.0375323365504562,-0.5083212274366362,10678.0,25.0,30.0,25.0,1282.0,0.0,766.0,31301.25,4.0,1.2,0.8,6.5,5.3,3621.0,LAKE,0
-0.3618209046358603,-0.956312193886611,-0.1629936899778629,-0.2779821861421883,0.4932454029031767,1.491958248693014,790.0,22.0,4.8,29.0,655.0,7.0,240.0,3800.0,3.5,5.2,1.8,7.5,6.0,1446.0,LAKE,0
0.9576469125454384,-0.5199479457202706,-0.2396276090587754,-1.709244032731319,0.9345759486464008,1.8571924145317285,2600.0,19.0,7.4,25.0,1549.0,6.0,766.0,7000.0,3.5,4.4,2.3,7.5,8.1,3582.0,LAKE,0
2.6817472744276896,2.5552637381133767,-1.3349890245516285,-0.5454953179044066,-0.429057721919299,0.2997673147346711,10678.0,25.0,16.0,25.0,974.0,0.0,766.0,31301.25,3.0,3.2,0.9,6.4,4.0,3625.0,LAKE,0
4.262293033584901,1.827952150438842,-0.7260853161139142,-0.5797125271197195,0.364169758837483,-1.1108743583951892,10678.0,25.0,35.8,25.1,1576.0,0.1000000000000014,766.0,31301.25,5.0,0.3,0.7,6.5,4.5,4536.0,LAKE,0
2.583598830007086,2.121854910258974,-1.3041346021437998,-0.494115412492656,0.395836995393126,0.9063470918075645,10678.0,25.0,10.0,25.0,1466.0,0.0,766.0,31301.25,3.0,3.1,1.0,6.9,5.2,3617.0,LAKE,0
2.7807011934531207,2.627906531427783,-1.226177119794392,-0.4390721979318492,-0.0443251922961085,-0.2278873665351228,10678.0,25.0,16.0,25.0,738.0,0.0,766.0,31301.25,4.0,2.0,0.5,6.5,3.4,3609.0,LAKE,0
3.6774583287565217,2.1114319585134083,-0.9375607744544836,-0.6195898453785337,-0.1417199490706371,-0.4191983740377024,10678.0,25.0,35.0,25.0,1017.0,0.0,766.0,31301.25,3.0,1.0,1.0,6.5,4.2,4546.0,LAKE,0
2.8586681636479465,2.1660855295777623,-1.2969612146549383,-0.6408373682469872,-0.368429081727235,0.6940734973495866,10678.0,25.0,13.0,25.0,1323.0,0.0,766.0,31301.25,3.0,2.8,1.27,6.5,4.7,3627.0,LAKE,0
3.7001303324259287,1.8690295234929608,-0.9360917521079728,-0.5733535893886766,-0.0637810070911112,-0.2155383136180653,10678.0,25.0,27.0,25.0,1449.0,0.0,766.0,31301.25,3.0,0.3,0.93,6.6,6.0,3611.0,LAKE,0
2.5923231649737173,2.391965970288364,-1.387137787045824,-0.5831437919847426,-0.28124192864766,0.7150643847513181,10678.0,25.0,12.0,25.0,1304.0,0.0,766.0,31301.25,3.0,4.1,1.0,6.5,5.3,3616.0,LAKE,0
2.821198308898667,2.462333118566656,-1.3131396690248411,-0.1957071974337948,0.0746920435487066,-0.3137226193602771,10678.0,25.0,12.0,25.0,2116.0,0.0,766.0,31301.25,3.0,2.3,0.3,6.5,4.0,4540.0,LAKE,0
4.74149958455079,0.9800685749812912,-0.7416991924916376,-0.8025933195702633,-0.0940782718515962,-0.1301067875361805,10678.0,25.0,35.8,25.0,2860.0,0.0,766.0,31301.25,3.0,0.3,1.7,6.5,7.03,3601.0,LAKE,0
2.270651317096754,2.4443630340352858,-1.4298134088307466,-0.6307131472759722,0.105139384815642,1.051909323054099,10678.0,25.0,6.0,25.0,853.0,0.0,766.0,31301.25,4.0,4.6,1.0,6.7,5.0,4529.0,LAKE,0
2.2482056277288125,2.796573206210754,-1.4603786371875933,-0.4825136021651731,-0.186828764767388,0.4953806000457188,10678.0,25.0,14.0,25.0,787.0,0.0,766.0,31301.25,3.0,4.3,0.88,6.5,2.3,3591.0,LAKE,0
-0.7521067822363752,0.996140614114768,1.0818239418342843,0.7618514994871639,-0.1449732958504339,0.3738347134871863,920.0,21.0,6.4,33.0,692.0,12.0,766.0,1600.0,1.3,4.6,0.3,7.0,4.7,3680.0,LAKE,0
2.9583785134219633,2.4977254173124144,-1.1963323081397106,-0.4161105345994299,-0.1252307774161215,-0.1866708866580345,10678.0,25.0,20.0,25.0,1253.0,0.0,766.0,31301.25,3.0,2.7,0.3,6.5,6.8,4543.0,LAKE,0
3.4428749789282858,2.332735270040494,-1.0162830628357238,-0.4777840413734474,0.4970843579700368,-0.6564072093838037,10678.0,25.0,34.0,25.0,1345.0,0.0,766.0,31301.25,4.0,3.0,0.5,6.6,4.0,4544.0,LAKE,0
4.901852006934168,1.3236742978013578,-0.6147469416092616,-0.4251510490902754,0.6803126567383158,-1.5314802377093664,10678.0,25.0,35.8,25.1,3294.5,0.1000000000000014,766.0,31301.25,5.0,0.3,0.3,6.5,8.09,4517.0,LAKE,0
-0.0760176602597608,0.8339411653174977,-1.0343662407439973,-0.7873785892528711,0.4962288922336281,0.6356036721259387,1400.0,21.0,4.4,25.0,770.0,4.0,766.0,6300.0,2.7,5.0,1.0,7.1,3.1,3583.0,LAKE,0
3.2838954257168753,1.0557903313683772,-1.0568112657498423,-0.8599339959541498,-0.1293132662090688,0.7427322354197333,10678.0,25.0,17.0,25.0,1299.0,0.0,460.0,31301.25,4.0,3.0,0.81,6.8,14.855000000000002,4516.0,LAKE,0
0.1874040142555159,0.4650833611552387,-0.4087016845714643,-0.9973144023832878,0.8223259947681035,1.0412436634309743,1700.0,20.0,5.2,26.0,850.0,6.0,766.0,8400.0,3.5,4.6,1.5,7.3,3.1,3586.0,LAKE,0
4.887456320784856,1.2572740797321218,-0.7085362259547435,-0.5586805914592402,-0.2259141003969008,-1.0126695868223254,10678.0,25.0,35.8,25.0,3294.5,0.0,766.0,31301.25,3.0,0.3,0.6,6.3,11.0,4538.0,LAKE,0
4.20032228027326,1.4560682926978958,-0.7730551226692766,-0.6643858675769564,0.675986239630096,-0.3127523422872985,10678.0,25.0,35.8,25.0,2009.0,0.0,766.0,31301.25,4.0,1.2,1.1,6.8,6.0,3644.0,LAKE,0
1.9820947093602883,2.1742195723799393,-1.301267714402802,-0.7036841579567543,-0.4200747740300983,0.6467334353212962,7000.0,24.0,10.0,25.0,820.0,1.0,766.0,31301.25,3.0,3.6,1.2,6.5,3.0,4523.0,LAKE,0
2.2733153022849395,2.5326900100053074,-1.3488533425723166,-0.3997735731583019,0.4223374469384189,0.7011148897492111,10678.0,25.0,10.0,25.0,1021.0,0.0,766.0,31301.25,3.0,4.1,0.3,6.9,7.75,3646.0,LAKE,0
3.3486580152540855,2.5402613145527413,-1.0073141109229853,-0.4009480179024274,0.0124765232041532,-0.8546480597597789,10678.0,25.0,34.0,25.0,821.0,0.0,766.0,31301.25,3.0,1.1,0.44,6.5,3.2,4509.0,LAKE,0
-1.0267967020265325,-0.6805840626038344,-1.7423023711172871,0.1492957535601031,0.8844485690481758,0.2997474787938301,52.0,24.0,3.9,26.0,1070.0,2.0,26.0,165.0,3.4,6.5,0.92,7.4,1.22,3685.0,LAKE,0
4.525604768523027,1.3447388163772702,-0.7387124255768012,-0.7911360338806575,0.0467370070148438,-0.4132119849919353,10678.0,25.0,35.8,25.0,2120.0,0.0,766.0,31301.25,4.0,0.8,1.22,6.5,7.6,4505.0,LAKE,0
4.071604799356878,2.023194446711029,-0.7926803094196745,-0.6294677245875506,0.3275755727389381,-0.9897159138737336,10678.0,25.0,35.8,25.0,1297.0,0.0,766.0,31301.25,5.0,1.8,0.3,6.5,7.9,3620.0,LAKE,0
3.133610401782212,1.7390183687502574,-1.0772375243257897,-0.3808446333701205,-0.1364023652660927,-1.2497145317765133,10678.0,25.0,32.0,25.0,741.0,0.0,330.0,31301.25,4.0,0.3,0.5,6.5,2.8,4524.0,LAKE,0
2.8760325302521275,2.346448493332191,-1.2421003895025169,-0.5381844424116755,0.0405192702708017,0.2757824678485133,10678.0,25.0,22.0,25.0,1173.0,0.0,766.0,31301.25,3.0,3.0,1.1,6.6,2.57,3624.0,LAKE,0
2.1035128197665087,2.272412655821009,-1.464537506675459,-0.4704814622661434,0.48512794078172,1.0272447936441254,9400.0,25.0,11.0,25.0,1233.0,0.0,766.0,31301.25,3.0,4.7,1.1,6.9,3.0,3614.0,LAKE,0
3.047967262228067,2.4288754916352366,-1.153319329389207,-0.4581524374719802,0.3240026654647538,-0.2702706744990576,10678.0,25.0,23.0,25.0,1236.0,0.0,766.0,31301.25,4.0,3.1,0.47,6.6,4.6,4510.0,LAKE,0
4.72132174955772,1.4093797064646412,-0.5783297064903375,-0.8455402010484093,0.7453012211910874,-1.0296436851127793,10678.0,25.0,35.8,25.0,1480.0,0.0,766.0,31301.25,7.05,0.3,0.9,6.6,6.0,4519.0,LAKE,0
4.172070638519923,1.4822536773189394,-0.5539359780105715,-1.2096086410070803,-0.3285553405717131,0.1541028948643854,10678.0,24.0,35.0,25.0,1027.0,1.0,766.0,31301.25,4.0,1.5,1.4,6.5,10.0,4514.0,LAKE,0
1.8722956045049508,2.853224508177845,-1.478702342769932,-0.3210907418221939,0.5199202657356947,0.715260657710886,10678.0,25.0,9.0,25.0,783.0,0.0,766.0,31301.25,3.0,4.9,0.3,6.9,5.0,4504.0,LAKE,0
0.0913598435984226,0.2676991650946919,1.7441472828911568,0.1551250684125781,-0.3994353392670463,1.2429285522367797,2200.0,20.0,6.0,34.0,1028.0,14.0,700.0,7000.0,3.0,4.3,1.8,6.9,3.6,3587.0,LAKE,0
4.184504116678552,2.0035978528795515,-0.7440393425903348,-0.5279543725828,0.3730652933465433,-1.319481628764298,10678.0,25.0,35.8,25.0,1374.0,0.0,766.0,31301.25,5.0,0.3,0.3,6.5,5.9,4508.0,LAKE,0
3.95045490511811,2.061870643800819,-0.8432689901774872,-0.5496626229943322,0.1748922042629916,-0.9189554718708524,10678.0,25.0,35.8,25.0,1367.0,0.0,766.0,31301.25,4.0,1.1,0.5,6.5,6.0,3618.0,LAKE,0
2.873673096816129,2.5153545949675453,-1.2203001457349492,-0.3662169863280555,0.2508369516178808,-0.2348290754194145,10678.0,25.0,21.0,25.0,1323.0,0.0,766.0,31301.25,3.4,2.8,0.5,6.6,3.4,3622.0,LAKE,0
1.4782509633433585,2.9754757247342476,-1.555958416371771,-0.2259929178631065,0.4516021329796748,1.0361809226011365,10678.0,25.0,6.0,25.1,532.0,0.1000000000000014,766.0,31301.25,2.0,4.2,0.6,7.0,2.1,4534.0,LAKE,0
2.191366714652914,2.8290343232414057,-1.5033044371938868,-0.3088016224171036,-0.0628479771343357,0.2744757581038579,10678.0,25.0,9.0,25.0,1320.0,0.0,766.0,31301.25,3.0,4.2,0.5,6.5,3.0,4547.0,LAKE,0
4.381009978551516,1.7991044689689804,-0.6549390233357801,-0.5304214185676925,1.2170118217624433,-1.5558508549237648,10678.0,25.0,35.8,25.0,1593.0,0.0,766.0,31301.25,7.0,0.3,0.4,6.7,3.0,3610.0,LAKE,0
3.5811322831335617,1.7190523724326263,-1.0163966706199885,-0.7672881050607644,-0.6011992466802024,0.5310925742428305,10678.0,25.0,15.0,25.0,1561.0,0.0,766.0,31301.25,3.0,2.0,0.58,6.5,14.855000000000002,4533.0,LAKE,0
3.078624964186143,2.772690780127857,-1.0556412076424806,-0.3332512475947128,0.2767692071356467,-0.8814835744121982,10678.0,25.0,35.8,25.0,551.0,0.0,766.0,31301.25,3.0,1.8,0.3,6.6,2.01,3593.0,LAKE,0
3.0932954499092604,2.5109724057671077,-1.0296433875195303,-0.4369140678310913,0.5375532562829232,-0.4110416205011032,10678.0,25.0,35.8,25.0,570.0,0.0,766.0,31301.25,3.0,2.0,0.67,6.8,2.0,1388.0,LAKE,0
4.214753780971713,1.7280059702019526,-0.4319288933190479,-0.9453640683381164,-0.0696671471551944,-0.6196450724089532,10678.0,24.0,35.8,25.0,889.0,1.0,766.0,31301.25,4.0,0.3,0.3,6.6,13.4,4527.0,LAKE,0
2.206612678873632,3.0171921332493836,-1.4189158111637896,-0.4424712226846937,-0.1692118651833534,0.2051041804207831,10678.0,25.0,18.0,25.0,334.0,0.0,766.0,31301.25,3.0,4.1,0.6,6.5,2.4,3592.0,LAKE,0
1.572144664865421,0.0835601659314157,1.705268255165074,-0.1200089870647359,-0.6856101576637623,1.686012481086058,4900.0,21.0,14.0,33.0,1252.0,12.0,766.0,14000.0,1.4,1.0,2.3000000000000003,7.0,7.5,3585.0,LAKE,1
0.3298188118157236,-1.3526699293390128,0.8486484158437317,1.1664860648895763,2.4265566527358806,-1.1958434168518426,356.0,23.0,35.8,32.0,1980.0,9.0,45.0,1500.0,4.0,3.1,0.3,8.0,1.4,3696.0,TANK,0
2.592237222163193,2.4041479620806965,-1.377990144252622,-0.5910662408417732,-0.1341756891854397,0.6000710050218507,10678.0,25.0,8.5,25.0,1223.0,0.0,766.0,31301.25,4.0,4.0,0.9,6.5,5.0,3629.0,TANK,0
2.1176690039568804,3.1271509965879716,-1.4624095241674036,-0.285385712732475,-0.0123923587272439,-0.0495436674890366,10678.0,25.0,16.0,25.0,678.0,0.0,766.0,31301.25,3.0,4.2,0.3,6.5,2.0,4541.0,TANK,0
4.570876648973133,1.2436049680040049,-0.7356287221726697,-0.528555771625398,0.0355279971231034,-0.5121363481448932,10678.0,25.0,35.8,25.0,3020.0,0.0,766.0,31301.25,2.0,0.3,0.72,6.6,11.1,3623.0,TANK,0
1.571566555374973,0.4592568794360766,1.859828041368847,0.4295271752664467,-0.3146445316948643,-1.5593753179322938,1840.0,21.0,35.8,33.0,584.0,12.0,766.0,3200.0,3.7,0.3,0.32,6.6,5.46,3681.0,TANK,0
1.785809228896366,3.250798345265996,-1.5678094520809756,-0.2500857241520018,-0.1367938520540623,0.1782036686473654,10678.0,25.0,8.0,25.0,493.0,0.0,766.0,31301.25,3.0,4.0,0.3,6.5,1.53,3638.0,TANK,0
-0.1783314473146229,-0.6694624448563288,-0.4986074682333424,-0.0923173793575015,0.9452863004312458,-0.5924869845674704,930.0,21.0,6.4,27.0,1930.0,6.0,130.0,4900.0,3.8,3.0,0.7,7.3,1.3,3673.0,TANK,0
-1.811829281708031,0.1503469777286799,-0.9145930308660468,0.1030707321001516,0.6808903683364075,-0.0695936292066971,140.0,21.0,2.4,27.0,450.0,6.0,110.0,1200.0,2.0,5.4,0.3,7.4,0.3,3675.0,TANK,0
3.001682270686739,2.514290950415099,-1.194325309570225,-0.4322729046490536,0.34184638313221,-0.4724778945201864,10678.0,25.0,18.0,25.0,1268.0,0.0,766.0,31301.25,5.0,3.0,0.4,6.5,3.23,3636.0,TANK,0
-1.257897514683333,0.396665606362252,-2.205789429189734,0.4213938136302058,1.4399191303630503,0.4478938687917863,330.0,25.0,2.0,25.0,500.0,0.0,330.0,2200.0,2.0,5.9,0.3,7.7,0.3,3664.0,TANK,0
3.1869114045386167,2.3303970254203024,-1.0790601598514704,-0.4006726115077785,0.0374557118497662,-0.3893473337785861,10678.0,25.0,24.0,25.0,1079.0,0.0,766.0,31301.25,3.0,0.5,0.73,6.6,2.7,3643.0,TANK,0
2.6891878193420498,2.389464793669136,-1.37180336414976,-0.5747160062203199,-0.4918527159033867,0.5958666218369963,10678.0,25.0,10.0,25.0,1444.0,0.0,766.0,31301.25,3.0,4.1,0.7,6.4,8.0,3619.0,TANK,0
0.3272275458935695,-1.0383174488230027,0.0152593199107356,1.4146030992281475,-0.2203271393716758,-0.7010913747677934,356.0,26.0,12.0,32.0,890.0,6.0,45.0,1500.0,3.0,0.5,0.3,7.1,6.87,3693.0,TANK,0
3.4977845706599613,1.9177029835479564,-0.9722368675786964,-0.597770222561376,0.5598196422856939,-0.0305807053338557,10678.0,25.0,27.0,25.0,1413.0,0.0,766.0,31301.25,4.0,2.2,0.81,6.8,6.1,3637.0,TANK,0
2.682649328652463,2.419123936263482,-1.3065343054587737,-0.5123537873386004,-0.2531578596259586,0.4449462099071321,10678.0,25.0,14.0,25.1,1223.0,0.1000000000000014,766.0,31301.25,3.0,3.2,0.94,6.5,4.3,3595.0,TANK,0
2.3746779775225604,3.019845286826192,-1.2087146434260505,-0.1457378480597271,-0.9938698243602724,-0.1683915520440388,10678.0,25.0,14.0,26.0,1120.0,1.0,766.0,31301.25,2.0,2.9,0.51,6.1,2.5,3606.0,TANK,0
3.1869473699118283,2.198122329183727,-1.2220465311007558,-0.2856682807320482,0.1364328292785094,-0.2985451295899242,10678.0,25.0,17.0,25.0,2540.0,0.0,766.0,31301.25,3.0,3.0,0.3,6.5,6.6,3634.0,TANK,0
3.9687902624710207,2.022844017555322,-0.8224630196057626,-0.5864304084196637,0.0399738620371033,-0.8436004946979794,10678.0,25.0,35.8,25.0,1145.0,0.0,766.0,31301.25,3.8,0.3,0.7,6.5,5.2,3641.0,TANK,0
1.5000244941866878,3.387274467452289,-1.3824195420697007,-0.0809541110282963,-0.1622429410248357,0.3663039933191531,10678.0,25.0,6.0,26.0,406.0,1.0,766.0,31301.25,3.0,4.8,0.3,6.5,1.0,3653.0,TANK,0
3.224144474127273,1.8396246387122772,-1.27784181654768,-0.5048553205184623,0.1449082786292645,0.3224335938379245,10678.0,25.0,10.0,25.0,2730.0,0.0,766.0,31301.25,4.0,3.3,1.1,6.5,4.5,3604.0,TANK,0
1.970958432690572,3.0917819661060117,-1.585339160417243,-0.3533001020506673,-0.738279345826862,0.4065054068479806,10678.0,25.0,9.0,25.0,775.0,0.0,766.0,31301.25,2.0,4.0,0.6,6.3,3.0,4526.0,TANK,0
-1.361351215308508,-0.1089147525681915,-1.3404527389589729,-0.1339705465166767,1.2635920725470835,-0.213181960716248,320.0,21.0,3.2,25.0,1180.0,4.0,140.0,2100.0,2.0,4.6,0.3,7.6,0.4,3666.0,TANK,0
-1.986708391414966,0.1622753783451188,-0.4519654698673758,0.1011459977186274,0.6432552858485552,-0.0447660883443917,220.0,20.0,2.2,28.0,470.0,8.0,92.0,1400.0,2.0,5.6,0.3,7.4,0.3,3676.0,TANK,0
-1.378153760745204,0.1644156057453633,-0.977953194712825,0.2556623333203958,0.912717671427027,-0.073133187434141,340.0,22.0,2.6,27.0,500.0,5.0,210.0,2200.0,2.2,4.2,0.3,7.5,0.3,3671.0,TANK,0
0.714679238429032,-1.4131782699326731,-1.1082435453912554,-0.2803652880812541,1.5430355623144882,-0.7100248966371674,175.0,24.0,24.0,26.0,889.0,2.0,63.0,561.0,7.05,4.5,1.22,7.4,1.67,3683.0,TANK,0
3.988210879176368,2.1861426016935166,-0.8984311263418076,-0.4797612129647556,-0.3729586934798836,-1.245247322641105,10678.0,25.0,30.0,25.0,1566.0,0.0,766.0,31301.25,4.0,0.3,0.3,6.2,6.3,3598.0,TANK,0
1.8016093906545725,3.591865960270554,-1.7440982976489614,-0.2977620513250323,-1.512738751324356,-0.0622045376353573,10678.0,25.0,7.0,25.0,702.0,0.0,766.0,31301.25,2.0,4.8,0.3,5.800000000000001,2.4,3597.0,TANK,0
-0.7977310085759062,0.4322581090598621,-0.8240975532083349,0.806832414828278,1.1229514819203308,0.2663680347704091,1400.0,24.0,6.0,29.0,1485.0,5.0,350.0,5400.0,2.5,6.9,0.3,7.4,1.3,3559.0,TANK,0
-1.577846851597026,0.3878123146819106,-0.8723922798675788,0.0646837107311001,0.5658394577379153,-0.0843476238065612,700.0,21.0,2.6,27.0,530.0,6.0,170.0,3500.0,2.0,5.3,0.3,7.3,0.3,3660.0,TANK,0
-0.8362088149306439,0.4128931985975511,-0.8135754251107978,0.8247661801935556,1.4273346779999545,0.2314015199488183,1300.0,24.0,6.0,29.0,1458.0,5.0,350.0,5400.0,3.0,7.0,0.3,7.5,0.3,3561.0,TANK,0
-1.230010185793899,0.2997272672671677,-2.075141638778935,-0.0784755995434617,0.6396152656609807,-0.2007631711784552,330.0,23.0,2.2,24.0,440.0,1.0,200.0,2200.0,2.0,4.6,0.3,7.3,0.32,3670.0,TANK,0
2.376790690301927,2.5425221697506775,-0.9986505403679458,-0.8120624553561713,-0.2089639923061823,0.4904202326003754,10678.0,23.0,20.0,25.0,1543.0,2.0,766.0,31301.25,2.0,4.8,1.0,6.5,4.0,3642.0,TANK,0
-1.457896337546909,0.1238703401271469,-0.736506416599742,0.1278433662413405,1.2912522765378256,0.0357890944092225,470.0,21.0,3.0,27.0,650.0,6.0,210.0,3500.0,2.1,4.2,0.3,7.7,0.3,3663.0,TANK,0
0.3320766033000757,-0.3311191860865075,1.2354937442175324,0.8413110976386016,2.5301247142085947,0.644476014209842,1840.0,21.0,16.2,32.0,3294.5,11.0,766.0,3200.0,1.1,4.0,0.4,8.2,6.53,3682.0,TANK,0
3.353938917163763,2.3446570830790643,-1.0480008200950657,-0.4688039925096011,0.0972465459298288,-0.5849440247427071,10678.0,25.0,25.0,25.0,1201.0,0.0,766.0,31301.25,4.0,1.8,0.4,6.5,5.3,3607.0,TANK,0
0.206071503215517,-1.0612693890913294,-0.4505622173072708,0.1142190174563123,1.1645893641396114,-1.030027449871047,700.0,21.0,6.8,27.0,3294.5,6.0,110.0,4700.0,3.4,2.4,0.5,7.3,1.9,3657.0,TANK,0
-0.4903255941068638,0.4181940421665143,-0.3741258434460995,-1.0784121106128226,0.826090096100865,1.282023293553565,1100.0,19.0,6.0,26.0,764.0,7.0,700.0,5800.0,2.5,6.0,1.5,7.4,3.2,3588.0,TANK,0
-1.455158436975699,-0.3398501199487275,-1.576405523942064,0.0828071718168599,1.0406769744926865,0.2110428412691854,79.0,23.0,4.1,26.0,592.0,3.0,32.0,290.0,3.2,6.7,0.62,7.5,0.88,3684.0,TANK,0
3.795107587882516,2.10552041412462,-0.9051522676460034,-0.5309904592892408,-0.0206325219409674,-0.6795838896048811,10678.0,25.0,35.8,25.0,1389.0,0.0,766.0,31301.25,3.0,1.3,0.59,6.5,6.3,3639.0,TANK,0
2.555837801917327,2.6642240832022237,-1.3575798515070538,-0.3291609288259207,-0.0943306657046449,0.0066083972158583,10678.0,25.0,13.0,25.0,1332.0,0.0,766.0,31301.25,3.0,3.1,0.4,6.5,4.4,4511.0,TANK,0
-0.3825201267762335,-0.8565411078236038,-0.7664781325917895,0.4285828742152777,1.795901940282388,-0.6022475709765862,400.0,22.0,7.2,27.0,2900.0,5.0,140.0,2800.0,2.6,3.6,0.3,7.7,1.3,3661.0,TANK,0
-1.3618206509368986,-0.0757169947093619,-1.6276951806108582,1.0588567845811747,1.0361186820847068,0.184416881518809,356.0,26.0,6.5,28.0,370.0,2.0,45.0,1500.0,2.2,5.8,0.3,7.6,0.3,3695.0,TANK,0
-1.840062424765358,0.2008607107245077,-0.9582733863217164,0.1081562730431313,0.4935542027262339,-0.0963453763856837,220.0,21.0,2.3,27.0,540.0,6.0,93.0,1400.0,1.8,5.7,0.3,7.3,0.3,3662.0,TANK,0
-1.375958847267361,-0.5927498505901959,-2.1273441683210965,0.7970279218724559,1.5205075787680329,1.4457442915138103,356.0,27.0,2.3,27.0,330.0,0.0,45.0,1500.0,2.3,6.9,1.1,8.0,1.1,3692.0,TANK,0
2.8315539118899133,2.6830059107989195,-1.169974485633317,-0.4619140594960699,0.0728633867533701,-0.2156524716060779,10678.0,25.0,28.0,25.0,509.0,0.0,766.0,31301.25,3.0,2.6,0.61,6.6,3.0,3590.0,TANK,0
-1.7061489945377766,0.0306286210203799,-0.8668022713998718,0.1312047637326731,0.8776781806889936,-0.0946842739738675,270.0,21.0,3.0,27.0,620.0,6.0,94.0,1700.0,2.0,5.0,0.3,7.5,0.3,3665.0,TANK,0
2.4091055436646234,2.8905298790756606,-1.4800160751595903,-0.3499145754180246,-0.8166234097598383,0.0613205704052349,10678.0,25.0,13.0,25.0,1240.0,0.0,766.0,31301.25,2.0,3.4,0.56,6.2,3.8,3599.0,TANK,0
2.2252050405351733,3.116204730552587,-1.3935714027618502,-0.3124342556731007,-0.0865323455710607,-0.1597970177049206,10678.0,25.0,18.0,25.0,398.0,0.0,766.0,31301.25,3.0,3.4,0.3,6.5,2.1,4503.0,TANK,0
2.4179651771493647,2.356535680902601,-1.414612621807836,-0.5143616408118181,0.1095349888955187,0.8847339629810366,10678.0,25.0,10.0,25.0,1402.0,0.0,766.0,31301.25,3.0,4.2,1.03,6.7,4.3,3589.0,TANK,0
0.7194478744078311,0.8210339971642985,-0.1697950022882947,-0.3081260893935102,1.1776776291096396,-0.0539712071814077,2600.0,21.0,5.8,27.0,1400.0,6.0,766.0,13000.0,3.8,1.9,0.7,7.3,1.2,3659.0,TANK,0
4.7146775806842225,1.23257650326719,-0.7168277732142315,-0.9704171461311264,-0.4908561478933736,-0.2652769235057178,10678.0,25.0,35.8,25.0,1898.0,0.0,766.0,31301.25,4.0,0.3,1.6,6.3,7.8,3635.0,TANK,0
2.437916422985033,1.9568260114366545,-0.305245584531741,0.5949790072165679,3.097522816747039,0.6636839298865324,10678.0,26.0,18.0,29.0,2385.0,3.0,766.0,31301.25,6.0,6.5,0.3,7.8,2.27,4092.0,TANK,0
3.094749193242194,2.0553475848836396,-1.1298176026866318,-0.7247092352953217,-0.2441396556688788,0.611116877101094,10678.0,25.0,10.0,25.0,1100.0,0.0,766.0,31301.25,4.0,3.3,0.3,6.6,14.04,4501.0,TANK,0
0.5238177831057962,-0.8347008335601716,-0.155592052510486,0.6062093630572339,1.0101652620685495,-1.482210137133967,356.0,24.0,34.0,29.5,920.0,5.5,45.0,1500.0,5.0,4.2,0.3,7.2,3.0,3697.0,TANK,0
2.931060841240712,2.078322565038413,-0.1747550556155049,0.5006576448252263,2.9245825214926127,-0.1296388841156683,10678.0,26.0,30.0,29.0,2156.0,3.0,766.0,31301.25,7.0,6.5,0.3,7.5,0.36,3560.0,TANK,0
3.908801016145502,1.831355018514911,-0.8645219201036249,-0.6579120024743667,0.0329919336214309,-0.3001537314263278,10678.0,25.0,35.8,25.0,1397.0,0.0,766.0,31301.25,3.0,1.1,1.0,6.6,6.3,3650.0,TANK,0
1.5282262649581884,2.965327717966524,-1.690347920970914,-0.305049294556018,-0.2891773119149631,0.5120460156941078,10678.0,25.0,4.0,25.0,599.0,0.0,630.0,31301.25,3.0,4.8,0.52,6.5,2.0,3648.0,TANK,0
3.3868991675500344,2.519419923538467,-0.9918110001404616,-0.4211653953883789,0.0024789969738355,-0.8533382083430159,10678.0,25.0,35.0,25.0,773.0,0.0,766.0,31301.25,3.0,1.0,0.5,6.5,3.0,3626.0,TANK,0
3.885092622159686,2.4269658174105615,-0.9080676736554288,-0.4471008279916729,-0.5253695852913335,-1.420129353054951,10678.0,25.0,35.8,25.1,1231.0,0.1000000000000014,766.0,31301.25,3.6,0.3,0.5,6.1,2.99,3596.0,TANK,0
-2.01550234805399,0.0664857614571579,-2.275533487714329,0.3181982982388243,0.744537690182094,0.3773664122385998,14.0,24.0,2.5,25.0,438.0,1.0,2.0,32.0,1.0,7.3,0.32,7.5,0.92,3686.0,TANK,0
-1.1770688813636665,-0.4889345861983115,-1.8356758155954664,-0.1455428398971952,0.6881206424295653,0.0951362822441735,52.0,23.0,3.8,25.0,850.0,2.0,19.0,148.0,3.2,6.5,0.72,7.3,1.92,3687.0,TANK,0
-1.636384889268571,0.1919546431329769,-1.1069507765554951,0.2706193574468156,0.6526784985162699,-0.0180006618181532,400.0,22.0,2.5,27.0,520.0,5.0,94.0,3300.0,1.8,5.2,0.3,7.4,0.3,3669.0,TANK,0
0.0530731880160518,-0.943955209393592,-1.3817615982932083,0.6834090322561054,-1.94752266343384,1.4624321731955334,1600.0,28.0,3.0,30.0,224.0,2.0,23.0,1600.0,2.0,4.9,2.1,6.5,7.0,3565.0,TANK,0
3.3994518113792846,1.2864592947412403,-0.9914759455532628,-0.9265551697140822,1.124229374772738,1.2847563718669677,10678.0,25.0,20.0,25.0,1365.0,0.0,766.0,31301.25,5.0,2.8,2.0,7.2,4.0,4502.0,TANK,0
3.4745389871677568,2.55414512264802,-1.0827293835922702,-0.3954120712691232,-0.5732566975086903,-0.9227968516783982,10678.0,25.0,35.8,25.0,1366.0,0.0,766.0,31301.25,2.0,1.6,0.56,6.2,3.51,4513.0,TANK,0
4.450833678224336,0.9595224332224712,-0.68134203269994,-1.063291907595628,-0.0813109043754659,0.511690206092277,10678.0,25.0,20.0,25.0,1563.0,0.0,766.0,31301.25,5.0,0.3,1.15,6.7,14.855000000000002,4531.0,TANK,0
-1.8311314606300229,0.2815439220727546,-1.2480215314601038,0.4652621447294261,-0.4400437864648295,-0.2377794392998571,8.0,23.0,2.7,28.0,251.0,5.0,2.0,31.0,2.2,7.1,0.3,6.8,0.79,4498.0,TANK,0
-1.3019698366829902,0.1563944395332891,-0.9940109864420952,0.2714091852122871,0.7236677903982298,-0.1710529284387152,460.0,22.0,2.6,27.0,700.0,5.0,170.0,3500.0,2.0,4.1,0.3,7.4,0.3,3672.0,TANK,0
1.6613485148156069,2.5847552815060864,-1.6620609095122945,-0.3301525014162781,-0.3255560276768859,0.3688151852471792,10678.0,25.0,8.0,25.0,815.0,0.0,490.0,31301.25,3.0,4.9,0.56,6.5,3.0,3594.0,TANK,0
-0.8599678624451046,-0.2400810792143123,-0.5699719409473426,0.3047431306163562,1.2823873816529578,0.0699766115201537,610.0,22.0,4.0,28.0,1280.0,6.0,220.0,4000.0,3.0,4.5,0.5,7.6,1.5,3667.0,TANK,0
-1.7402337873422995,0.2113376079129789,-0.8270912603560345,0.4336176791097003,0.8074822097015045,0.143546554402399,340.0,22.0,2.4,28.0,470.0,6.0,140.0,2400.0,1.8,5.4,0.3,7.5,0.3,3674.0,TANK,0
-1.6793364689655006,-0.0370033014126897,-1.4762915650185071,0.9240757503322218,1.1289004704489831,0.3993886036390083,356.0,25.0,3.0,28.0,330.0,3.0,45.0,1500.0,2.0,6.0,0.3,7.7,0.47,3694.0,TANK,0
-0.1009381171061606,0.5711885806792963,-0.7565790645358564,1.2275619880828876,1.4758614967558945,0.4366293048353749,1400.0,26.0,6.0,30.0,1670.0,4.0,630.0,5400.0,3.0,6.0,0.3,7.5,1.8,3677.0,TANK,0
-0.7801371665914527,-0.7454448420747879,-1.789968622375259,-0.2087501524089342,0.3768943150454014,-0.061602932880068,58.0,23.0,4.5,25.0,1340.0,2.0,13.0,196.0,3.3,5.8,1.02,7.1,1.32,3689.0,TANK,0
-0.8620935081637375,0.2293420192381519,-0.6582551297969982,0.0211325810163741,0.8891175619657843,-0.3463835832114752,490.0,21.0,3.8,27.0,1150.0,6.0,340.0,3500.0,2.9,4.3,0.3,7.3,0.9,3668.0,TANK,0
4.87663021051713,1.2018009201457225,-0.5803051906483226,-0.8607411609146105,0.1086498155444695,-0.691949796326013,10678.0,25.0,35.8,25.0,2005.0,0.0,766.0,31301.25,5.0,0.3,0.8,6.5,11.5,3633.0,TANK,0
-1.478656805220475,-0.3954268843149582,-1.55243635137941,0.1471503017858978,1.513667336456057,0.2526071110422156,136.0,23.0,3.9,26.0,790.0,3.0,41.0,394.0,3.4,6.9,0.52,7.7,0.79,3688.0,TANK,0
-1.100578731086118,-0.807604223336286,-1.9462656916886167,0.3142083625769408,1.3718395931818708,0.7065698879611946,63.0,25.0,3.9,26.0,1008.0,1.0,21.0,185.0,3.3,6.9,1.02,7.7,1.12,3690.0,TANK,0
3.478184182765765,2.4138220194915285,-0.884242581606796,-0.4528247629196211,0.4718111331885455,-0.9287332623860411,10678.0,25.0,35.8,25.0,450.0,0.0,766.0,31301.25,4.0,0.3,0.52,6.7,2.08,3640.0,TANK,0
4.74946251543369,1.2019954837960245,-0.7225801533124634,-0.5260956976853108,0.162283483729911,-0.8222002121872007,10678.0,25.0,35.8,25.0,3294.5,0.0,766.0,31301.25,3.0,0.3,0.8,6.5,9.0,3632.0,TANK,0
3.8403888992400863,1.8088823886654188,-0.6610678200216005,-0.9344444373562086,-0.4986824047804614,0.0110081879781771,10678.0,24.0,35.8,25.0,1330.0,1.0,766.0,31301.25,2.0,1.9,0.8,6.5,12.0,3603.0,TANK,0
-1.7441872607184588,0.1757489571308445,-0.4599189721829305,1.48943182769037,0.0744982415995807,0.239721141782873,356.0,25.0,2.2,32.0,290.0,7.0,45.0,1500.0,2.0,6.2,0.3,7.2,0.5,3691.0,TANK,0
2.1649583658942375,1.3649263655367143,-1.5361116619529216,-0.5653478076825679,-0.4644240125704416,0.2321896345252193,10678.0,25.0,14.0,25.0,1120.0,0.0,140.0,31301.25,4.0,4.0,1.2,6.5,3.7,3630.0,TANK,0
3.375414212391819,1.891100911785654,-1.1034929713684414,-0.6505651905170996,0.2748922643184281,0.1806954972984185,10678.0,25.0,14.0,25.0,1791.0,0.0,766.0,31301.25,5.0,3.1,0.7,6.6,8.12,3605.0,TANK,0
-0.8291038107846013,0.0624075596830725,-1.8163168072599811,1.899014454173771,-0.3954730630970127,-0.0615034654256914,1400.0,29.0,4.0,30.0,1168.0,1.0,2.0,2200.0,1.0,5.4,0.3,6.9,0.8,1579.0,LAKE,0
-0.3454368278067735,-0.3292947438110256,-1.9701379108650463,-0.1229294755390964,-0.8114601589332894,-1.2888081065095185,150.0,22.0,3.5,24.0,3294.5,2.0,100.0,610.0,1.0,5.1,0.3,6.3,2.7,1441.0,LAKE,0
0.492701904326575,-0.3712933367196125,-1.5019691267588993,2.055172301064508,0.1956902307531435,-0.7338650583499143,1700.0,29.0,5.9,30.0,3294.5,1.0,200.0,3500.0,1.4,3.1,0.3,6.9,0.3,1578.0,LAKE,0
-0.1517457662392078,-0.0408315366709384,-0.8474890768040408,1.6014643281806231,-0.6884828007385156,-0.4830487572207924,2000.0,26.0,2.4,31.0,3294.5,5.0,100.0,6300.0,1.0,5.7,0.3,6.5,2.4,1577.0,LAKE,0
-0.8418248135056662,0.3224722137349289,-1.960313267825345,1.5537982366031322,-0.7953064054689635,-0.2863638096528613,1400.0,28.0,3.8,29.0,1314.0,1.0,2.0,4100.0,1.0,6.1,0.3,6.6,0.3,2312.0,LAKE,0
0.2635401356927381,1.500119407807052,-1.5752188159704794,0.7009813560117357,-1.014113393244909,-0.6194783995586604,1700.0,26.0,7.2,27.0,240.0,1.0,766.0,3100.0,1.0,1.6,0.3,6.4,0.3,1383.0,LAKE,0
-0.5813489143786499,-0.1987816702653619,-1.8811611632373249,-0.575050359340874,-0.921058551379478,-1.4950389679404896,140.0,20.0,2.3,23.0,3294.5,3.0,94.0,490.0,1.0,5.1,0.3,6.2,1.8,1574.0,LAKE,0
-2.0009126466218805,0.5685723085321622,-1.0020959915784768,0.9974398073481014,-1.1167367058345123,-0.103331553999858,80.0,24.0,1.2,30.0,73.0,6.0,20.0,620.0,1.0,6.7,0.3,6.6,0.3,2318.0,LAKE,0
-1.8966082754021865,0.4875479775093878,-2.0879699757659376,0.3853342307713321,-0.8075164385183476,-0.2153040065016031,2.0,24.0,1.0,26.0,44.0,2.0,2.0,100.0,1.0,6.5,0.3,6.7,0.3,1576.0,LAKE,0
-1.8963624400914725,0.5730232804054951,-1.5131309711385046,0.9875026556254528,-1.262970547612284,-0.1744618581745584,27.0,25.0,1.5,29.0,29.0,4.0,2.0,79.0,1.0,6.9,0.3,6.5,0.3,1580.0,LAKE,0
-1.4350375731381628,1.2943642386623329,-1.225450065520134,0.6854635384193324,-1.7280567757380283,-0.1659576623753871,3500.0,24.0,1.3,29.0,56.0,5.0,47.0,5400.0,1.0,6.9,0.3,6.2,0.7,2329.0,LAKE,0
-1.860579630567276,0.6323585115521182,-1.526865906706504,0.9750562165041656,-1.4392809940601898,-0.2277298989738399,120.0,25.0,1.0,29.0,48.0,4.0,2.0,400.0,1.0,6.9,0.3,6.4,0.3,2330.0,LAKE,0
-1.8628718551302437,0.2737213555302448,-0.1436417668182653,0.7274260581447104,-0.94117308452657,0.0692620571988385,700.0,22.0,3.4,31.0,138.0,9.0,2.0,1200.0,1.0,6.1,0.3,6.8,3.6,2328.0,LAKE,0
-1.876587356298613,0.7148687304029365,-1.7250872941594453,-0.3169058346928252,-1.2269591973248202,-0.5653946413662719,110.0,21.0,2.0,25.0,185.0,4.0,70.0,410.0,1.0,6.5,0.3,6.4,0.7,1385.0,LAKE,0
-0.7238811646368316,1.0073928612294507,-2.0802722805167995,0.6680747731266489,-2.189351606666725,-0.9649124076180444,700.0,26.0,3.8,27.0,165.0,1.0,200.0,1700.0,1.7,5.2,0.3,5.800000000000001,0.3,3470.0,LAKE,0
2.187067469312278,2.380868962636643,-0.4424485734137519,1.3733139771537808,-0.6822314705681267,0.1189014011270448,10678.0,27.0,3.6,31.0,3294.5,4.0,630.0,31301.25,1.0,3.4,0.3,6.3,2.7,1575.0,LAKE,0
-2.0171934619819103,0.5509916088992384,-0.1829779113027347,1.1441826326525473,-1.002463022396633,-0.0031454145302325,810.0,23.0,2.1,32.0,190.0,9.0,20.0,1300.0,1.0,6.5,0.3,6.7,0.72,3462.0,POND,0
0.5873871867251015,1.2384715841541856,-1.3592363893800672,0.5688800870120084,0.5699914675603069,-0.3476266021565281,2200.0,26.0,7.8,27.0,282.0,1.0,766.0,7000.0,3.7,2.5,0.3,7.0,0.3,2325.0,POND,0
-1.0321805345105723,-0.2401113584020998,-1.125198158971328,1.8721631556098075,-0.0617267454324402,-0.2108289981871778,2.0,27.9,5.35,31.3,515.0,3.400000000000002,2.0,2.0,2.2,4.4,0.32,7.1,0.32,4557.0,POND,0
-1.845095950921068,0.2602152670799077,-1.8906818610309504,1.742449635910183,0.017544086612419,0.5890113522218353,5.0,28.0,1.0,30.0,900.0,2.0,5.0,1600.0,1.0,9.0,0.32,7.1,0.32,1401.0,POND,0
-0.3804827476634924,-0.1413195430204549,-1.2038879443665225,1.6348584745870676,-1.347955984622119,-0.4294829844334601,356.0,28.1,5.35,31.1,824.0,3.0,45.0,1500.0,2.2,4.4,0.51,6.4,2.61,4568.0,POND,0
-2.0868344455651773,-0.2108361030805673,-1.33332791080201,-0.8075339691003326,0.3684709135453802,0.420674169283332,2.0,19.0,2.0,24.3,512.0,5.300000000000001,2.0,63.0,1.0,6.8,0.54,7.4,4.42,2132.0,LAKE,0
-2.2796458368292423,0.3934723733261565,-1.7733141547397553,-0.4143639220375438,0.1683104527377413,-0.3653863171945722,2.0,20.0,1.3,24.0,573.0,4.0,2.0,58.0,1.0,7.0,0.02,7.1,1.01,3296.0,LAKE,0
-1.9564106160965429,-0.027971908767555,0.2505343097669854,-0.420848948158827,0.2730655018661244,-0.6392421608259202,110.0,17.0,6.0,28.2,764.0,11.2,2.0,920.0,2.7,5.8,0.3,7.1,0.77,4615.0,LAKE,0
-2.609311958503873,0.2694164843276109,0.8502796183762155,0.7081700214499858,-0.5395964338762171,0.1449183196044176,2.0,19.2,1.6,32.9,288.0,13.7,2.0,47.0,1.0,6.7,0.35,7.0,1.18,2135.0,LAKE,0
-0.8208454461773701,0.4633788555731642,0.8856343061481887,0.1917027954757033,-0.9846963854631324,0.4271736230964345,180.0,20.0,8.4,32.0,524.0,12.0,2.0,24000.0,1.4,6.0,0.33,6.8,9.17,2141.0,LAKE,0
-2.1837607652284627,0.2143823026649863,-1.7260025003447663,-0.515879556579438,0.3523007467094471,-0.1645255640967289,2.0,20.0,2.4,24.0,490.0,4.0,2.0,34.0,1.4,7.0,0.3,7.2,0.5,2142.0,LAKE,0
-2.03440567741887,-0.8920098421568999,0.6282488657175619,-0.7745279011140158,-0.737753996258844,1.6130676615787989,4.0,17.0,1.8,30.0,713.0,13.0,3.0,43.0,1.0,7.1,2.2,7.1,3.0,3845.0,LAKE,0
-0.7086214629704773,0.023544053369915,0.5567728262951924,-0.6852265862128761,-0.8858411379206103,1.9391909519179111,180.0,19.0,1.4,30.0,422.0,11.0,2.0,31301.25,1.0,5.2,1.88,7.1,6.66,2140.0,LAKE,0
-2.820622520519884,0.4246653201207576,-0.2507678642804707,-0.5076047293219843,0.2011397336122803,-0.2267771607423112,4.0,16.6,1.9,27.0,411.0,10.4,2.0,48.0,1.0,7.1,0.13,7.2,0.4,2128.0,LAKE,0
-1.889731556806828,0.0312775889300368,-0.3532706874479143,0.918150182364722,0.0473498887498528,-0.4294116526081488,2.0,22.0,2.9,30.0,702.0,8.0,2.0,38.0,1.0,4.3,0.05,7.2,0.47,4622.0,LAKE,0
0.2046195428655225,-0.840933975247098,1.73437932358747,-0.6932290225578313,-1.208574376914256,2.6735621469640334,920.0,19.0,8.0,33.0,509.0,14.0,2.0,31301.25,1.2,4.7,2.3000000000000003,7.2,14.855000000000002,1374.0,LAKE,0
-1.8771249713935916,-0.4222276777091471,-0.6884688173621966,-0.086174434099062,0.8792930191777694,0.1624017729966706,8.0,20.0,3.2,27.0,800.0,7.0,2.0,110.0,1.7,5.2,0.6,7.6,0.98,2130.0,LAKE,0
-2.10318765569472,-1.0309031543383989,1.2177926834670465,-0.4312125600211502,-0.4109123223945433,1.773528669818345,7.0,17.0,1.8,32.0,813.0,15.0,3.0,75.0,1.2,7.0,2.2,7.3,2.9,1466.0,LAKE,0
-1.6108632599677652,0.2837637355433245,-1.5917623807896788,-1.0717736019651136,-1.965704523019861,-0.5593653687323156,2.0,19.0,1.8,23.8,371.0,4.800000000000001,2.0,63.0,1.0,6.2,0.62,6.1,4.08,2134.0,LAKE,0
1.7713032005185751,-1.2354975661063166,1.949365163334855,-0.7876968387261728,-1.300833454309957,1.4946256306616363,2100.0,20.0,12.0,33.0,738.0,13.0,14.0,31301.25,4.8,2.0,2.3000000000000003,6.8,14.855000000000002,2136.0,LAKE,-1
-2.024268425930423,-0.1697553599383711,-1.9556714691141897,-0.7492538943894662,0.5777002213456099,0.2851431507877986,2.0,20.0,1.4,23.0,796.0,3.0,2.0,63.0,1.0,6.7,0.68,7.4,1.22,2133.0,LAKE,0
-2.0159952491638573,0.0892207040982651,0.0847926177291258,-0.5000224963073441,0.2689990470221831,-0.5653912752643495,350.0,17.0,5.0,27.7,690.0,10.7,2.0,1600.0,2.6,6.0,0.3,7.1,0.6,4614.0,LAKE,0
-0.5164298411730572,0.1113969542933793,1.2452186747026284,-0.4328564425601199,-0.4952109220666128,2.412865257046848,3500.0,19.0,1.7,32.0,285.0,13.0,2.0,31301.25,1.0,4.1,2.22,7.4,5.03,2139.0,LAKE,0
-0.4348295811593219,0.3919815041943044,1.2064860564119266,-0.4845493771165988,-0.714679929130906,2.3325226149478806,4700.0,19.0,4.2,32.0,305.0,13.0,2.0,31301.25,1.1,5.0,2.3000000000000003,7.2,3.9,1373.0,LAKE,0
-0.471091392035399,0.0746299719329309,0.99734434948572,-0.3163070260736608,-0.5962486580739577,2.390364070217384,2600.0,20.0,4.0,32.0,256.0,12.0,2.0,31301.25,1.2,5.0,2.25,7.3,5.01,2138.0,LAKE,0
-0.4200004322891452,0.284533516514018,0.73329600380017,-0.3863431878574767,-0.4992615621852165,2.173222750892721,3500.0,20.0,3.6,31.0,288.0,11.0,2.0,31301.25,1.1,4.7,2.03,7.3,4.75,2137.0,LAKE,0
-2.116740708116673,-0.2322311115017416,-1.647659994051294,-0.5579208064441314,0.8965839520532031,0.4113977966323363,2.0,20.0,2.2,24.0,743.0,4.0,2.0,70.0,1.0,6.6,0.65,7.6,1.12,2131.0,LAKE,0
-2.19392854802094,-0.0133313567521507,-1.6936166930879488,-0.6063960327276456,0.4724465755808518,0.3521143455397721,2.0,20.0,1.3,24.0,424.0,4.0,2.0,403.0,1.0,6.9,0.54,7.4,1.92,3850.0,POND,0
-2.375976302035297,-0.0167640693724291,1.0015697508586336,-0.2412574201499613,0.2762244305186083,-0.130674319614502,120.0,16.0,4.4,30.3,612.0,14.3,2.0,1600.0,1.8,6.0,0.3,7.3,2.3,3831.0,POND,0
-1.9473498230516593,-0.0471886692159102,0.0612086788072324,-0.4416816245744362,0.6027255676129952,-0.5143534402797485,150.0,17.3,8.0,27.6,671.0,10.3,2.0,1600.0,2.4,5.7,0.3,7.3,0.73,3830.0,POND,0
-2.070222090901663,0.0027911856047784,0.1588408658469484,-0.4306477674975993,0.3236058402441954,-0.5000045422542935,70.0,17.0,4.0,27.9,636.0,10.9,2.0,1600.0,2.3,5.3,0.3,7.2,0.73,3299.0,POND,0
-2.076334455558284,0.0901963423088103,-0.7269335744305243,0.554649443971076,0.1386782372274658,0.0843329553390205,6.0,22.0,2.9,29.0,440.0,7.0,2.0,110.0,1.6,6.8,0.32,7.2,1.0,3297.0,POND,0
-2.6273747392516604,0.2287986616209822,1.045840165393992,0.0461022699810115,0.1031362319081427,-0.2985296630377202,110.0,16.2,5.2,31.0,687.0,14.8,2.0,920.0,1.1,6.2,0.21,7.2,0.3,3301.0,POND,0
-1.964830805410119,-0.3391493523425342,-1.3978897894634563,-0.8983788774149032,0.4131535228774786,0.4601661764701228,2.0,19.0,2.2,24.0,621.0,5.0,2.0,140.0,1.2,6.5,0.81,7.4,3.09,3302.0,POND,0
-2.8550435942089587,0.080396767211798,0.3761196440583803,-1.8775472211282145,0.272661757967766,-0.2296169245842232,4.0,11.4,2.1,25.0,592.0,13.6,2.0,49.0,1.7,6.8,0.61,7.2,1.02,3298.0,POND,0
-2.4765957323026555,-0.0778154845060355,0.2149631858214802,0.267057484170578,0.4281890879087623,0.3373467783242269,2.0,19.0,1.9,30.0,415.0,11.0,2.0,48.0,1.0,5.8,0.48,7.5,0.9,3303.0,POND,0
-1.4946609391312358,-0.2501641466588225,-0.1868150490016782,-0.8527179414142296,0.4354582986332319,-0.7040195722140353,280.0,17.0,8.0,26.0,780.0,9.0,2.0,1600.0,2.8,5.2,0.12,7.2,4.6,3300.0,POND,0
-2.778024944328866,0.1952887904650078,2.6951793542399605,0.4452622059435576,-0.4216875307656536,0.2115583812858803,356.0,15.0,1.8,36.0,530.0,21.0,45.0,1500.0,1.4,6.5,0.32,7.1,3.17,3304.0,POND,0
-1.257212758312927,-0.6464484781947312,-1.56686880075844,-0.6445252108542917,0.5305572502585737,-0.4615438588566445,2.0,20.0,1.2,23.0,529.0,3.0,2.0,49.0,1.0,0.3,0.61,7.544,1.0,3849.0,POND,0
-2.81908021024815,0.3877153519703008,-0.1345309719993827,-0.4752767778778929,0.14545788226986,-0.1472621907907809,4.0,16.6,1.8,27.4,358.0,10.799999999999995,2.0,46.0,1.0,7.0,0.21,7.2,0.4,2129.0,TANK,0
-1.8201736493252776,0.2541697326271374,-0.13328856395266,-0.5721504998564827,-1.2037785798159215,-0.5626047970915896,65.0,18.0,3.5,28.0,205.0,10.0,25.0,120.0,2.7,6.6,0.51,6.4,2.61,1426.0,LAKE,0
-1.858891160568683,-0.0165806926423965,-0.2795667304517906,-0.3622334482589018,-0.2643768809287691,-0.193273490674528,20.0,19.0,3.7,28.0,240.0,9.0,10.0,60.0,3.0,6.8,0.51,6.9,2.61,1630.0,LAKE,0
-1.807893190479583,0.0243978132419059,-0.2795068441658361,-0.3685343273134968,-0.4770798156882133,-0.2823801328421874,75.0,19.0,3.6,28.0,210.0,9.0,10.0,105.0,2.9,6.5,0.51,6.8,2.61,1629.0,LAKE,0
-1.8792103490747776,-0.010090456752469,-0.2129091413078832,-0.4191833771089528,-0.253248137159983,-0.2076811310293901,45.0,18.7,3.6,28.0,215.0,9.3,10.0,95.0,3.1,6.8,0.51,6.9,2.61,1425.0,LAKE,0
-1.7646009269636058,-0.1035731461734476,-0.4700749849429312,-0.1966089706127242,-0.0456124521509391,-0.1033141766938034,25.0,20.0,3.6,28.0,286.0,8.0,5.0,60.0,3.2,6.9,0.51,7.0,2.61,2837.0,LAKE,0
-1.8109706458479795,0.0721647619240389,-0.2338078689007074,-0.1830773027354074,0.1414931580655103,-0.622068185350458,60.0,19.0,3.9,28.0,430.0,9.0,30.0,175.0,3.3,5.8,0.3,7.0,0.3,2849.0,POND,0
-1.569645340710465,-0.1587431337623448,-0.4079134303778547,-0.1811516603672271,-0.0188756040581567,-0.2128877740166689,70.0,20.0,3.9,28.0,450.0,8.0,35.0,120.0,3.2,6.2,0.51,7.0,2.61,2841.0,POND,0
-1.7020606747080016,-0.2305997225645364,-0.646987457480969,0.0049906045135672,0.291814135362446,0.0533471959109606,20.0,21.0,3.6,28.0,350.0,7.0,2.0,50.0,3.1,6.7,0.51,7.2,2.61,2840.0,POND,0
-1.632641965933036,-0.2013707468416312,-0.6396642850710601,-0.0168118614368527,0.1149348542306702,-0.0522205854048693,40.0,21.0,3.7,28.0,300.0,7.0,2.0,70.0,3.2,6.5,0.51,7.1,2.61,2842.0,POND,0
-1.9459440317503764,-0.1773135915291298,-0.2939301882499734,-0.630005869458624,0.3119180676743297,-0.1060358631200478,15.0,18.0,3.7,27.0,340.0,9.0,5.0,65.0,3.0,6.5,0.51,7.2,2.61,2844.0,POND,0
-1.310204960220548,-0.1787379941430879,-0.5650479879219951,-0.0415423434792628,-0.2256732050708922,-0.3610154139533878,70.0,21.0,4.4,28.0,350.0,7.0,40.0,185.0,3.3,5.4,0.51,6.9,2.61,2850.0,POND,0
-1.2613898911093089,-0.3135236985786455,-0.5509003998409018,-0.0063556216445196,0.0316377056276819,-0.3368711090310997,65.0,21.0,4.1,28.0,660.0,7.0,35.0,170.0,3.4,5.5,0.51,7.0,2.61,2848.0,POND,0
-1.1688240970848305,-0.2339467684132879,-0.5353995544998271,-0.028872028800757,-0.1428621590350786,-0.4248269370693969,95.0,21.0,4.6,28.0,610.0,7.0,60.0,310.0,3.4,5.3,0.51,6.9,2.61,2851.0,POND,0
-1.5575554472682278,-0.0448660134933446,-0.7284521560983993,-0.3749438400600158,-0.3611449235675814,-0.3523739655675466,40.0,20.0,3.7,27.0,320.0,7.0,20.0,110.0,3.2,6.4,0.51,6.8,2.61,2843.0,POND,0
-1.6339809967637635,-0.0930651154675868,-0.4337192314080936,-0.1942495493908865,-0.2987268622197004,-0.2632994680020985,50.0,20.0,3.9,28.0,230.0,8.0,10.0,160.0,3.0,6.0,0.51,6.9,2.61,2847.0,POND,0
-1.7528303879672698,-0.1083427549634403,-0.4498961729395546,-0.1788084407411177,-0.1517279215505985,-0.1393679717164939,15.0,20.0,3.6,28.0,175.0,8.0,2.0,50.0,2.9,6.2,0.51,7.0,2.61,2846.0,POND,0
-1.7666886579294652,-0.1829200898419849,-0.9212727433083584,-0.1375493503322941,0.425360232103618,0.1472185615548905,62.0,21.0,3.7,27.0,190.0,6.0,10.0,75.0,2.8,6.6,0.51,7.3,2.61,2845.0,POND,0
-1.6428495942672303,-0.1855634939327401,-0.6491515460028942,-0.0157967276846829,0.1373519956331952,-0.0271108324574768,30.0,21.0,3.6,28.0,350.0,7.0,10.0,95.0,3.2,6.7,0.51,7.1,2.61,2839.0,POND,0
-2.450902219345234,0.5540118856741261,0.2788901450905035,-0.3351128033589959,-0.4433342996202291,-0.1211482718908047,170.0,17.1,2.2,29.0,78.0,11.9,110.0,540.0,1.5,6.5,0.42,6.9,0.56,3349.0,LAKE,0
-2.859557095368784,0.5907252189642648,-0.932201672399859,-2.361457608562812,-0.1494836879678995,-0.6985396142329804,17.0,12.0,1.9,21.0,70.0,9.0,10.0,170.0,1.4,6.8,0.32,6.9,0.52,1459.0,LAKE,0
-1.172320459516008,0.5843479380597804,-0.4376901948971203,-1.8781570791548177,0.804783603317912,-0.9521530653009108,420.0,15.0,7.8,23.1,117.0,8.100000000000001,380.0,1700.0,5.2,5.7,0.32,7.0,1.12,1347.0,LAKE,0
-1.330449433455983,0.442059877901742,-0.4966549314770083,-1.8454544368176171,0.8582604312545437,-0.8770238192117737,410.0,15.0,7.5,23.0,105.0,8.0,310.0,1300.0,4.8,5.5,0.35,7.1,1.02,3347.0,LAKE,0
-0.9414612182392956,0.2645499930784085,-0.0717711841766943,-2.0443823247576316,1.2671086779321383,-1.162496637440401,520.0,14.0,9.0,23.1,250.0,9.1,350.0,2100.0,6.0,4.5,0.32,7.2,1.22,3346.0,LAKE,0
-1.1673838905507246,0.6209376594530122,-0.4535343416630398,-1.8643439977402292,0.4534845817220576,-1.1495464981354748,460.0,15.0,7.0,23.2,130.0,8.2,340.0,1700.0,5.3,5.6,0.32,6.8,0.66,3348.0,LAKE,0
-2.4798684991620163,0.4175721353382191,0.1810200548872967,-1.2933589969962995,-0.0345098200377038,-0.5632368476422408,120.0,14.0,3.6,26.0,145.0,12.0,70.0,490.0,2.1,6.0,0.32,7.0,0.79,1348.0,LAKE,0
-2.6443799724494808,1.063470990785663,-0.9280185190241552,-1.958181996552648,-0.9605737834857992,-1.2229844712928533,356.0,13.0,2.2,22.0,283.0,9.0,45.0,1500.0,1.0,6.7,0.02,6.4,0.03,3723.0,LAKE,0
-2.187875729569394,0.6003414747032084,0.5831259228353455,-0.3211796223053931,-0.9379236979419954,-1.1131037253791929,356.0,16.0,3.2,29.0,422.0,13.0,45.0,1500.0,1.2,4.1,0.03,6.6,0.12,3722.0,POND,0
-2.1615643173597254,0.4385369907935144,0.0259982031717856,0.5349778518109027,-0.079599848867292,-0.432538294240485,356.0,20.0,2.9,30.0,347.0,10.0,45.0,1500.0,1.2,5.0,0.02,7.1,0.06,3755.0,POND,0
-2.314974628313742,0.8567775861248473,-1.7176075017418493,-1.2695224957963325,-0.4080019057885616,-0.8728574480377537,356.0,17.0,2.6,22.0,379.0,5.0,45.0,1500.0,1.0,6.8,0.02,6.7,0.03,3743.0,TANK,0
-1.6875929154765046,0.1831538772027863,1.5204577407001303,0.8396194385190429,-1.4498656671905346,-0.7260824484511983,356.0,19.0,2.6,34.3,550.0,15.299999999999995,45.0,1500.0,1.5,3.2,0.3,6.5,1.7,2887.0,LAKE,0
-1.5124295508328514,0.2519804159910022,3.01069059635341,1.267384769604165,-3.127437869690921,-1.0245218851270883,356.0,19.0,2.8,38.5,250.0,22.0,45.0,1500.0,1.3,1.4,0.6,5.800000000000001,1.6,2886.0,LAKE,0
-0.9228636145683918,2.5127130638916575,1.9354625532246337,0.680953579421291,-0.8460598556107379,0.4985174551114722,4900.0,19.0,2.6,35.0,184.0,16.0,700.0,17000.0,1.2,5.2,0.32,6.6,0.62,3956.0,LAKE,0
-1.446774734905368,1.0003946586002723,0.9649340991658258,0.7053691461144378,-1.399012606444505,-0.2857143540272582,2300.0,20.0,2.2,33.0,223.0,13.0,130.0,9200.0,1.1,4.0,0.32,6.5,1.15,3957.0,LAKE,0
-1.5771035959596011,1.5657788782384363,1.1554457452590907,0.7795062165925885,-1.3226467189299345,0.1971581705650407,3500.0,20.0,1.9,34.0,181.0,14.0,130.0,16000.0,1.1,6.2,0.32,6.5,1.02,3955.0,LAKE,0
-1.854549095631929,0.9019403925258582,0.6251925865654581,0.5979246419355677,-0.5396899604634846,0.1660630942147914,1700.0,20.0,2.3,32.0,259.0,12.0,220.0,4700.0,1.1,5.8,0.32,6.9,1.22,2438.0,LAKE,0
-1.5816182517804156,-0.1810375543582926,1.925265156646797,-0.0981801056999176,0.0155324824080899,-0.7445338528975949,2300.0,14.0,2.7,32.0,3294.5,18.0,2.0,4900.0,1.3,5.6,0.32,6.9,1.66,3953.0,LAKE,0
-1.1361326170105517,-0.3680588655360565,0.6399876637099075,0.8852859086527319,-0.0264328687347522,-0.486688599991167,1700.0,20.0,1.9,32.0,3294.5,12.0,2.0,3500.0,1.2,5.8,0.35,6.9,1.59,2437.0,LAKE,0
-1.982322766399659,-0.1806743225553685,1.8971872309308089,-0.6961274386357719,1.4157732611844205,-0.1624625823334655,1700.0,13.0,6.0,30.0,945.0,17.0,110.0,3500.0,1.9,3.0,0.32,7.9,2.12,3954.0,LAKE,0
-0.0903148804059876,2.339319708449038,0.7990779402947021,0.7918563631380913,-1.2880887232441118,0.3449559231493832,10678.0,22.0,2.8,33.0,420.0,11.0,2.0,31301.25,1.1,4.1,0.32,6.5,1.52,2431.0,POND,0
0.7721566000626726,1.3503535153035944,0.9221186752413592,1.4219389680497925,1.0396554821364845,0.5952879667387442,10678.0,25.0,5.7,34.0,561.0,9.0,20.0,31301.25,3.8,2.0,0.32,7.6,1.72,2434.0,POND,0
-1.158444591757135,2.58300823123105,1.8062953992695283,-1.4519786662145175,0.1209290299150294,0.5559185703705128,10678.0,12.0,2.7,29.0,402.0,17.0,140.0,31301.25,1.4,5.7,0.32,7.1,1.84,3962.0,POND,0
1.0114021899472754,0.8408948008849639,0.9643636023188004,1.1751269675289435,0.3975312908450354,0.893615099081872,10678.0,25.0,8.3,34.0,688.0,9.0,45.0,24000.0,3.4,3.2,0.35,7.4,8.62,2433.0,POND,0
-0.4925582880144423,-0.2692448394148244,0.600787585044566,1.653340007206381,1.238069557501524,0.2776558663625414,1300.0,25.0,8.2,34.0,961.0,9.0,130.0,9200.0,3.6,4.2,0.32,7.7,2.92,2432.0,POND,0
-0.0583980407509531,-0.2090778406930128,0.9165913074555454,1.709527082760029,-0.4526390384798853,-0.5996162759759561,2400.0,25.0,12.0,35.0,599.0,10.0,45.0,5400.0,3.3,2.1,0.32,6.9,3.46,2436.0,POND,0
0.3759401085703471,-1.0117137315733935,-0.7580823830003113,-0.3789888349959612,0.4518843057098606,-0.2727627547442578,1300.0,22.0,9.5,26.0,1334.0,4.0,130.0,2800.0,3.4,2.8,0.32,7.3,11.52,3963.0,POND,0
-0.0538360783023036,-1.0358728680228888,1.511392404982506,1.0873963949826586,0.2314157356732175,0.5620305389475027,2400.0,23.0,8.0,35.0,745.0,12.0,45.0,4300.0,3.6,3.3,0.32,7.5,13.34,2435.0,POND,0
-1.4591262831603482,-0.0039801382307385,-0.8128136833266344,2.1757603725469057,-0.402644572070494,0.3048028310649269,23.0,28.0,2.5,33.0,375.0,5.0,2.0,1600.0,1.0,5.2,0.32,7.1,1.22,1686.0,LAKE,0
0.2547321863969231,-0.823620169337788,-0.444170168209259,2.135840731243878,1.3857997614674,-0.1428666997085592,500.0,29.0,30.0,33.0,1682.0,4.0,110.0,1600.0,2.8,6.7,0.32,7.6,4.3,4634.0,LAKE,0
-1.201840964598967,0.3761476210866859,-1.1837438569924754,1.9234530991807193,-1.7779320251203568,-0.3336709954456663,110.0,28.0,2.3,32.0,283.0,4.0,2.0,1600.0,1.0,5.1,0.32,6.3,0.82,1396.0,LAKE,0
-2.367459945217946,0.5974081211633084,0.9269373854324868,-0.7615142854301526,0.7470585346775022,0.8528316694781033,1300.0,15.0,2.7,29.0,295.0,14.0,320.0,3300.0,1.0,6.7,0.6,7.6,2.9,1297.0,LAKE,0
-2.138204680180233,0.1227152878933938,0.982086186207118,-0.8420552742884426,0.3241919762831552,0.6930497755071521,1700.0,15.0,3.8,29.0,340.0,14.0,110.0,4100.0,1.0,5.9,0.6,7.5,5.6,1382.0,LAKE,0
-3.78449535723731,0.3173826717307355,3.388080449624627,0.0491630671366407,0.263081119279146,0.3671523270025612,40.0,10.0,1.0,37.0,234.0,23.0,20.0,140.0,1.0,7.0,0.3,7.5,0.7,2912.0,LAKE,0
-1.0021981307307803,-1.4659442282322055,-0.8568063475565227,-0.0810641911676156,0.6802206813879539,1.883730673351355,93.0,23.0,2.8,28.0,867.0,5.0,39.0,210.0,1.9,5.9,1.84,7.8,6.42,1481.0,LAKE,0
0.4023670883364872,-2.4530787890750805,-0.5013017289613066,0.2265263012037496,1.1267098202415653,1.945654253586433,460.0,24.0,4.1,29.0,3294.5,5.0,150.0,1100.0,1.8,4.4,2.3000000000000003,7.9,8.22,2940.0,LAKE,0
-0.8644208096406352,-1.0738142464683524,-0.1563272471860473,-0.5322344899859544,0.3779361974101727,1.6445587518366205,460.0,20.0,3.3,28.0,1283.0,8.0,240.0,1100.0,1.1,4.9,1.84,7.6,6.22,4178.0,LAKE,0
-1.016914738332018,-0.340759884861764,-2.0283157233163647,1.583508009613971,-0.2618411150880676,0.4976386313831686,93.0,29.0,1.4,29.0,279.0,0.0,23.0,150.0,1.0,4.0,0.74,7.2,1.26,2936.0,LAKE,0
-1.7356165744124554,-1.1716886317423731,-1.0166830632291743,0.1703316562524641,1.463547538630886,2.1321337129086273,75.0,23.0,2.1,28.0,777.0,5.0,23.0,150.0,1.2,7.1,1.66,8.2,3.54,2941.0,LAKE,0
-1.719477833787255,-0.9990626190702436,-1.23063311234828,0.4002095105689935,1.5475345497667168,1.984377107041454,75.0,24.0,2.4,28.0,665.0,4.0,39.0,150.0,1.3,7.2,1.42,8.2,3.37,2942.0,LAKE,0
0.4437016900363113,-3.014384452518762,1.4013174287759502,-0.7171948158277615,1.4537765679839172,1.4472656620350606,460.0,18.0,5.9,30.0,2670.0,12.0,93.0,1100.0,3.2,0.5,2.3000000000000003,8.2,10.32,2944.0,LAKE,-1
-1.3024926719469172,-0.8830081187115888,1.4215169453302614,0.1400440977035811,-0.083440033788343,1.0665472064046673,240.0,19.0,3.2,33.0,435.0,14.0,150.0,460.0,2.3,3.7,1.56,7.4,4.08,2935.0,LAKE,0
-2.026512296076143,-0.0651606320425886,-1.32660266752541,-0.210686730646092,0.1720505637522959,0.5023689712115205,93.0,21.0,2.1,26.0,408.0,5.0,23.0,150.0,1.0,6.9,0.64,7.3,2.61,1714.0,LAKE,0
-0.6570576126828497,-1.647872921348685,1.6078036741602857,-0.289061072174217,0.3126024605897187,1.3226406466471314,460.0,18.0,4.1,32.0,1177.0,14.0,150.0,1100.0,2.1,2.1,1.82,7.7,7.84,2943.0,LAKE,0
-2.0053596273866092,-0.71672658567806,0.2748354288601765,-1.682282853415964,0.4547290075040825,0.7381879825079093,150.0,14.0,3.4,25.5,420.0,11.5,64.0,210.0,1.3,4.4,1.37,7.6,3.84,1716.0,LAKE,0
-0.8670828479866267,-1.3588238017583938,-0.1253849806486347,-0.4221802029937902,0.4870869668719851,0.998052442723004,240.0,20.0,3.9,28.0,1154.0,8.0,75.0,460.0,2.0,3.3,1.78,7.6,3.53,4795.0,LAKE,0
-1.3173895055264755,-1.1336496027458165,-0.4767052052246725,-0.0328034433125775,0.0488347967416906,1.591918518858785,39.0,22.0,2.3,29.0,607.0,7.0,23.0,75.0,1.5,5.8,1.72,7.5,5.42,1285.0,LAKE,0
-1.2219232130926552,-0.9639803061812636,0.2994144676416815,-0.4255509949127538,-0.1600106330726925,0.5557844051681864,93.0,19.0,4.5,29.0,390.0,10.0,23.0,150.0,2.2,3.6,1.26,7.3,5.36,1414.0,LAKE,0
-2.0441381910050738,-0.968783193368546,-0.2065586080618044,-0.9230394538100992,1.6863905585010586,1.099851394529954,150.0,17.0,2.6,26.0,790.0,9.0,23.0,240.0,1.5,5.2,1.12,8.2,3.53,2938.0,LAKE,0
-1.8334244818983547,-1.1304508028863516,0.1440264013586354,-0.9046719485322148,1.4554885332279648,1.4591849729701265,240.0,17.0,2.6,27.0,771.0,10.0,75.0,460.0,1.2,4.6,1.43,8.2,4.68,2939.0,LAKE,0
-1.9152282018533249,-0.3273077439473335,0.062746422915031,0.1075208367118008,-0.5640118057378596,0.601221120269854,75.0,20.0,1.7,30.0,292.0,10.0,14.0,150.0,1.0,5.2,1.04,7.1,2.67,2937.0,LAKE,0
-1.4205154835896583,-1.5072217279378075,-0.5094848594077726,-0.5809896481572078,0.8822363647741541,1.765123865973459,93.0,20.0,2.4,27.0,790.0,7.0,4.0,210.0,1.0,4.1,2.05,8.0,3.52,4177.0,LAKE,0
-0.4168417768741321,-1.8351910275965309,-0.1398870563240928,-0.7136460988171719,-0.2650726275950823,1.5906812214209425,150.0,20.0,3.1,28.0,1963.0,8.0,93.0,240.0,1.4,4.6,2.3000000000000003,7.3,7.92,1286.0,LAKE,0
-1.422595972056516,-0.6780686135953542,-1.3957974546902758,-0.1213568796121181,-0.2509350840511678,1.2934489199208916,64.0,23.0,2.4,27.0,532.0,4.0,23.0,120.0,1.4,7.1,1.56,7.2,3.69,4179.0,POND,0
-2.2604998963830365,0.3747808660685325,0.0436494833081182,-0.5153809295412991,-0.712824283667571,-0.603740807147697,36.0,17.0,3.0,28.0,147.0,11.0,14.0,96.0,2.0,6.0,0.32,6.7,0.95,1420.0,LAKE,0
-1.8028191884725944,-0.1007588337793712,1.2895620333656304,2.6754817245135154,-0.4955681268207585,0.1853632708157059,2.0,26.0,3.0,38.5,745.0,14.0,2.0,68.0,2.0,6.0,0.32,7.0,0.52,3008.0,LAKE,0
-1.4265551412869213,-0.4225369448042668,0.5517044922310417,2.718937173202671,0.2572489225073247,0.2558438459697694,78.0,27.0,4.0,37.0,1410.0,10.0,2.0,230.0,2.0,6.0,0.32,7.3,0.62,3010.0,LAKE,0
-0.6879657298595748,-0.8973836047581029,0.7768700358122157,2.3338147686241397,-0.0823829090894802,-0.5690195755067674,45.0,25.0,4.0,36.0,3294.5,11.0,2.0,230.0,2.0,5.0,0.32,6.9,1.5,3011.0,LAKE,0
-1.3418369228715668,0.0372876535260247,-0.1777670399326174,1.6193201496981495,-1.0101733859179802,-0.4676176378802371,20.0,25.0,4.0,33.0,660.0,8.0,2.0,200.0,2.0,5.1,0.32,6.6,0.62,3009.0,LAKE,0
-2.170017672192754,0.6606696518896443,0.78056480776322,-0.0098261601608484,-1.9374516585506203,-0.9723255739613134,120.0,17.0,4.5,31.0,492.0,14.0,38.0,330.0,1.0,5.7,0.32,6.1,0.33,1421.0,LAKE,0
-1.7892862222341777,0.200268797808501,-0.6805349658348459,0.8937120090007508,-0.6691245765934867,-0.2095887502984941,46.0,23.0,3.0,30.0,684.0,7.0,23.0,120.0,1.0,6.0,0.32,6.8,0.82,3007.0,LAKE,0
-1.865375057396264,0.660641425622992,-0.1345766777631218,0.3073505038012055,-2.152249563512881,-0.93865663542864,120.0,20.0,2.2,30.0,371.0,10.0,31.0,260.0,1.0,5.3,0.32,6.0,0.33,1452.0,LAKE,0
-1.182428074781833,-0.5005174413283577,1.470879236414086,2.6070082717734167,-0.6214487377127537,-0.3463351943160986,20.0,25.0,4.0,38.5,2032.0,14.0,2.0,110.0,2.0,5.0,0.32,6.8,1.18,4823.0,TANK,0
1.059432543319583,-2.1313361056039613,-0.8435533573606177,-1.551542243234859,-1.235139325401171,-0.2226645252217361,23.0,20.0,16.0,24.0,1451.0,4.0,2.0,540.0,3.0,0.3,2.3000000000000003,6.6,7.6,5052.0,LAKE,0
2.541868338502766,-3.282202123093584,-0.7241012374099913,0.1594208841819626,-0.3735886435951765,0.6704306080396244,58.0,28.0,16.0,29.0,1680.0,1.0,14.0,430.0,5.8,0.3,2.3000000000000003,7.1,14.855000000000002,4676.0,LAKE,0
0.7373271199084686,-1.9909932759131832,-1.6444886753772614,0.1221304562611687,-0.5512854869226944,0.981364129964748,63.0,27.0,9.0,27.0,877.0,0.0,14.0,540.0,3.0,2.0,2.3000000000000003,7.1,6.2,5048.0,LAKE,0
1.301953168745398,-2.073820053294704,-0.8130333200509101,0.6963285993023096,-0.4101590931750435,-0.1507935392169253,36.0,27.0,12.0,29.0,1457.0,2.0,9.0,430.0,3.4,0.7,0.7,7.1,14.855000000000002,4682.0,LAKE,0
2.5137592505698763,-3.2621464945587713,0.1181600604165822,0.5710378056555008,-0.6018531614770231,0.661132341271264,94.0,28.0,16.0,32.0,1519.0,4.0,13.0,540.0,6.4,0.3,2.3000000000000003,7.0,14.8,5040.0,LAKE,0
0.8624436878788396,-2.7308122286106813,0.2621770909236739,-0.2459274332535377,-0.7885287014030811,1.408666013292473,39.0,23.0,6.8,30.0,1191.0,7.0,7.0,540.0,2.6,0.3,2.3000000000000003,7.3,14.2,4690.0,LAKE,0
1.319930351305082,-2.059970433717922,0.496167275430446,-0.8596869263615663,-0.5645623326765499,-1.0983402844550323,70.0,20.0,18.0,28.0,1246.0,8.0,11.0,540.0,6.0,0.3,1.2,6.7,10.8,3074.0,LAKE,0
1.299805554875359,-2.709299692944368,0.360999350069138,-0.3034087773634788,-0.7203438101128502,0.8075242860962961,63.0,23.0,12.0,30.0,1318.0,7.0,21.0,920.0,4.0,0.3,2.3000000000000003,7.1,12.4,5035.0,LAKE,0
-0.1576835824617878,-1.246590519014538,-1.9966075572048525,-0.774593770824464,-1.8404329481300428,1.1330768044761048,17.0,24.0,3.0,25.0,750.0,1.0,10.0,240.0,2.1,5.7,2.3000000000000003,6.4,7.1,4684.0,LAKE,0
1.515388382922224,-2.9189799950750595,1.1276029145073438,-0.9029595179904756,-0.8662558337117663,0.475790402839352,36.0,20.0,20.0,30.0,1528.0,10.0,17.0,540.0,4.0,0.3,2.3000000000000003,7.0,14.855000000000002,5060.0,LAKE,0
1.624444598919442,-2.6639097676862264,-0.82837742374922,0.389347838810212,-1.0049755097423456,0.7658944407785331,63.0,27.0,14.0,29.0,1888.0,2.0,11.0,540.0,2.1,0.3,2.1,7.0,12.8,5051.0,LAKE,0
2.365652673909304,-3.2652489612618476,-0.4773268179155049,0.3711502484162476,-0.2095168118173512,0.7960769477634074,63.0,28.0,12.0,30.0,1732.0,2.0,21.0,540.0,6.0,0.3,2.2,7.2,14.855000000000002,4668.0,LAKE,0
-0.5426405632974147,-0.7040477474181309,-1.049779238589864,1.4437677850388988,0.0920114472273155,-0.2368717355396747,33.0,27.0,6.0,30.0,572.0,3.0,2.0,540.0,2.1,2.2,0.3,7.3,4.0,5046.0,LAKE,0
1.0024728397815412,-1.9336828176301948,0.5773849515984909,0.2121364691779236,-0.2271590758070386,-0.8939523213698057,79.0,22.0,18.0,30.0,1821.0,8.0,13.0,540.0,3.2,0.3,0.3,7.1,14.855000000000002,5039.0,LAKE,0
0.6474070317613557,-2.259434271643865,-0.1827657648241736,0.5725314487258074,0.253821193629118,0.6231032049221017,54.0,25.0,6.0,30.0,1476.0,5.0,7.0,540.0,3.0,0.8,1.0,7.6,14.0,3070.0,LAKE,0
0.5197863476090948,-2.454781783483602,1.3883180843523966,-0.3147635386366993,-0.9007169562638214,0.8211919682740138,34.0,20.0,10.0,32.0,1323.0,12.0,10.0,540.0,3.0,0.3,2.3000000000000003,7.1,10.3,5059.0,LAKE,0
1.2357573843750864,-2.8290495525637027,1.0421806818748869,-0.8969527409619892,-0.9909549400707452,0.6954781637535725,33.0,20.0,14.0,30.0,1313.0,10.0,8.0,540.0,4.0,0.3,2.3000000000000003,7.0,14.855000000000002,5062.0,LAKE,0
1.084282317341629,-2.5193514550196903,0.748457211466507,-0.4301439676835102,-0.0190695180805231,-0.0120659263056403,84.0,21.0,10.0,30.0,1685.0,9.0,21.0,540.0,6.0,0.3,2.1,7.1,7.0,3073.0,LAKE,0
-1.9182667318060895,-0.1536959777343093,-0.1546015149880244,0.2449509415011166,0.3330505302473941,-0.2367256877732662,4.0,20.0,2.6,29.0,526.0,9.0,2.0,110.0,2.1,4.9,0.3,7.3,1.2,1789.0,LAKE,0
3.0627336195464943,-3.71788949048752,1.046236614717723,1.1890279803555075,-0.3522922327401603,0.3525381331865556,120.0,28.0,22.0,35.0,3194.0,7.0,26.0,920.0,6.0,0.3,2.3000000000000003,7.0,14.855000000000002,4679.0,LAKE,0
1.3776085699140117,-2.8659856731915245,0.9984193202814176,0.0816477876327615,0.0524565612905448,0.7299327367606484,120.0,23.2,8.0,32.0,1410.0,8.8,39.0,920.0,5.8,0.3,1.8,7.4,14.6,1391.0,LAKE,0
-0.0446517688440061,-1.3372348882207787,-2.190144668017864,-0.5931128207197854,-1.6167841206460858,1.2250302135084452,25.0,25.0,3.6,25.0,914.0,0.0,10.0,280.0,2.1,5.9,2.3000000000000003,6.5,7.15,4686.0,LAKE,0
-1.650309072427547,-0.4247929400976123,1.6520256764513812,1.164487501228778,-0.1745327307921325,-0.3387639703415104,34.0,20.0,4.0,35.0,671.0,15.0,8.0,280.0,2.1,2.9,0.3,7.2,2.4,4699.0,LAKE,0
-0.2465256145048691,-1.8512619927792504,0.577991786890878,-0.4978815010293881,-0.922859813942402,1.011972788320625,27.0,20.0,7.0,30.0,775.0,10.0,4.0,430.0,2.1,1.8,2.2,7.1,7.8,5054.0,LAKE,0
2.433702643918121,-3.40985717119731,-0.4982837592733239,0.0405133500720719,0.0499660305396938,0.7774005173845011,63.0,27.0,14.0,29.0,1942.0,2.0,21.0,540.0,6.0,0.3,2.3000000000000003,7.3,14.855000000000002,4705.0,LAKE,0
0.9873535469558532,-2.405935742373021,-0.2286249226340121,-0.0191412588465483,-0.5359640001370332,0.6155775210732684,49.0,24.0,10.0,29.0,1366.0,5.0,11.0,430.0,3.0,0.3,1.8,7.2,12.0,5032.0,LAKE,0
1.74699213811566,-3.1477257052534693,2.025876882759563,-0.5305186353356499,-0.8141330153107518,0.3076387644399088,47.0,20.0,17.0,33.0,1769.0,13.0,10.0,540.0,6.0,0.3,2.3000000000000003,6.9,14.855000000000002,5057.0,LAKE,0
0.3766658748777522,-1.7850340075584654,0.2815654306215881,1.8239623449615936,-1.0613518903856136,0.856784316783194,33.0,28.0,5.8,35.0,1291.0,7.0,11.0,540.0,2.1,1.8,1.5,7.0,8.8,4235.0,LAKE,0
-1.1320839024676022,-0.0032194668906322,-1.8745196782950293,1.4698739585622655,-0.4276165852806228,-0.1962257227103363,2.0,28.0,2.6,29.0,211.0,1.0,2.0,32.0,2.1,5.0,0.3,6.9,0.8,4680.0,LAKE,0
1.0167953937701084,-2.831011538160922,0.9911101002646544,-0.7794684545117281,-0.523319921917233,0.7961285000822459,110.0,20.0,10.0,30.0,1520.0,10.0,7.0,540.0,4.2,0.3,2.3000000000000003,7.2,13.0,3071.0,LAKE,0
-0.8931087063478893,-1.054572117252928,0.2130120839013571,0.5268600967411009,0.7344583848572909,-0.3120219018645974,22.0,21.0,5.4,30.0,1744.0,9.0,3.0,350.0,2.4,3.1,0.4,7.5,4.5,2340.0,LAKE,0
2.4069043470791778,-3.268750872935386,-0.5393834672858366,-0.0100417223147604,-0.3394480686309638,0.7081581315822444,63.0,27.0,12.0,29.0,1731.0,2.0,17.0,920.0,6.2,0.3,2.3000000000000003,7.1,14.855000000000002,4677.0,LAKE,0
1.0817836697711682,-2.5678694784757403,0.0960624518167417,-1.255634772967772,-0.9508267045378876,0.4565157102271688,47.0,20.0,10.0,27.0,1360.0,7.0,10.0,540.0,4.0,0.3,2.3000000000000003,6.9,12.0,4701.0,LAKE,0
-0.1854568308745039,-0.7909383583651597,0.0696350744415923,2.3072674593494895,-1.0723420468427387,-0.3787724346870867,49.0,28.0,5.4,35.0,1358.0,7.0,6.0,540.0,2.1,2.8,0.3,6.7,6.0,4670.0,LAKE,0
1.1136888389815611,-1.954876117030138,-1.517063932193652,0.4328965055941614,-1.6226192640282782,0.6602994486991182,33.0,28.0,8.0,28.0,882.0,0.0,11.0,540.0,2.1,0.8,1.8,6.7,11.6,5047.0,LAKE,0
2.5453643164319115,-3.5483655944125543,-0.6623828393889286,0.1799254747728717,0.5446753911864844,0.9680159147755552,63.0,28.0,10.0,29.0,1983.0,1.0,47.0,540.0,7.0,0.3,2.3000000000000003,7.5,14.855000000000002,4698.0,LAKE,0
0.9084922407590972,-1.746620431307073,-1.1742427804992746,0.6413084541848564,-0.2534326060193199,-0.1275812555367108,47.0,27.0,11.0,28.0,1054.0,1.0,2.0,540.0,3.0,1.3,0.4,7.2,14.855000000000002,5049.0,LAKE,0
0.3733005968299777,-2.1000920198189093,1.1491924406813367,-0.2972917610674841,-0.5904119319031226,0.3405688046608893,84.0,20.0,10.0,31.0,1030.0,11.0,4.0,540.0,3.2,0.9,1.2,7.2,14.855000000000002,4672.0,LAKE,0
0.545047608133008,-2.1774062567409147,0.9322969466068062,-1.1443358771248846,-1.399837000605648,0.2346047521652288,46.0,18.0,11.0,29.0,1244.0,11.0,11.0,540.0,3.2,0.3,2.3000000000000003,6.7,9.2,4673.0,LAKE,0
0.1225822012929908,-1.6028448771138273,-0.4372222490510115,0.3832675861492058,0.1819901009176683,0.2065853809877313,73.0,24.0,10.0,29.0,1106.0,5.0,11.0,540.0,2.8,2.0,1.0,7.4,8.6,4674.0,LAKE,0
0.1737079733523126,-1.660268506611558,0.0938694987201246,0.7821803198989182,-0.3457397340598811,0.0217730564476527,84.0,24.0,8.0,31.0,1398.0,7.0,4.0,430.0,2.2,0.3,1.2,7.2,6.4,2341.0,LAKE,0
0.9671971194148764,-2.359041585553342,-0.1394977510396161,-0.6059902126512948,-0.2042617387384873,-0.059308642962964,63.0,21.0,18.0,27.0,2188.0,6.0,9.0,430.0,2.1,0.3,1.7,7.2,9.9,5029.0,LAKE,0
0.7291380006232773,-1.8252027023426831,2.3886075882570785,2.1258150770694537,-1.2624609469564498,-0.4236622644443876,63.0,26.0,11.0,38.5,1790.0,16.0,15.0,540.0,3.0,0.3,0.3,6.8,14.855000000000002,5045.0,LAKE,0
1.456406043125985,-1.8475765315768533,-1.0154233716467296,0.6511524035095264,0.1010367055239124,-0.8996518193240689,63.0,27.0,13.0,28.0,1358.0,1.0,21.0,920.0,5.0,0.3,0.3,7.1,12.6,5043.0,LAKE,0
1.89299743238109,-2.3945350375409222,-0.0590976426391685,1.123191323138934,-0.4751148325750221,-0.3654564104979876,84.0,28.0,12.0,32.0,1632.0,4.0,17.0,540.0,5.8,0.3,1.0,6.9,13.5,4691.0,LAKE,0
0.5505679875652387,-2.2426010595453887,2.348947483250849,0.3371384700915132,-0.3778988742945636,0.2059791841138516,21.0,20.0,32.0,35.0,1102.0,15.0,4.0,430.0,2.1,0.3,2.2,7.3,6.0,5063.0,LAKE,0
-0.4847643137541602,-1.3736886706366138,-1.4868373619468365,-0.7358438397626456,-1.1890927759026295,1.4670292637200524,9.0,23.0,3.0,26.0,670.0,3.0,6.0,41.0,2.1,5.9,2.3000000000000003,6.8,7.15,4688.0,LAKE,0
1.2643873490754047,-3.0058522031200186,1.260358708044763,-0.1514176663590319,-0.1993118849046804,1.0792213891817983,63.0,22.0,20.0,32.0,1356.0,10.0,17.0,540.0,3.3,0.3,2.3000000000000003,7.5,14.3,5030.0,LAKE,0
0.8522489625255453,-2.4901265346280117,0.0875651261251112,-1.1504175536755492,-0.7994276338506024,0.6263029396801156,33.0,20.0,10.0,27.0,1248.0,7.0,11.0,540.0,3.0,0.3,2.0,7.1,14.0,5056.0,LAKE,0
2.140808881584866,-3.4282028261947706,1.3227264062255653,0.8437330825529288,-0.341659245418602,0.913313282810376,84.0,26.0,12.0,35.0,2186.0,9.0,17.0,920.0,6.0,0.3,2.3000000000000003,7.2,14.855000000000002,4229.0,LAKE,0
2.7286713588361646,-3.5504820170581124,0.0312312587244611,-0.2947372453477054,0.1148722579082961,0.2690396493008603,94.0,25.0,22.0,29.0,2436.0,4.0,21.0,540.0,6.2,0.3,2.3000000000000003,7.2,14.855000000000002,2342.0,LAKE,0
2.283280072589782,-3.3147441962048476,-0.6109027518220139,-0.2938878220635498,-0.1457609755555208,0.709269559654694,63.0,26.0,12.0,28.0,1803.0,2.0,8.0,540.0,6.0,0.3,2.3000000000000003,7.2,14.855000000000002,4696.0,LAKE,0
2.0168990915066383,-3.358216764110321,1.5697282788355793,-1.2128454984696309,0.0653882065253754,0.1066273813474579,63.0,19.0,22.0,30.0,1745.0,11.0,14.0,540.0,7.0,0.3,2.3000000000000003,7.2,14.855000000000002,4678.0,LAKE,0
0.8514939460979419,-2.6049708317778806,1.731634663217353,-0.540885259432656,-0.4901218722074781,0.3768079248167988,73.0,19.0,14.0,32.0,1515.0,13.0,21.0,430.0,4.6,0.3,2.3000000000000003,7.1,9.4,4693.0,LAKE,0
1.647854121954046,-2.2881081748124203,0.1442876275136487,1.0731237133424931,-0.2634873693475644,-0.3013901896432641,77.0,27.0,22.0,32.0,1579.0,5.0,21.0,540.0,4.0,0.3,1.2,7.1,11.2,5041.0,LAKE,0
2.4763907135240864,-3.2760007082329965,0.7044122050984625,0.8580421396684883,0.1657711678381856,1.0224313645780412,220.0,28.0,19.0,34.0,1817.0,6.0,70.0,1600.0,7.05,2.1,2.3000000000000003,7.3,14.855000000000002,4702.0,LAKE,0
1.4849068062150863,-2.8247913703318153,0.421129083534174,-1.0158960497091998,-0.985396506443348,0.1937637864563346,94.0,20.0,14.0,28.0,2440.0,8.0,17.0,540.0,3.5,0.3,2.3000000000000003,6.8,12.4,4669.0,LAKE,0
-0.3778350516639633,-0.6904430542070042,-1.6051684399164436,1.358508463410477,-0.1423040895744212,-0.166004699742104,31.0,28.0,8.0,29.0,746.0,1.0,2.0,350.0,2.1,3.3,0.6,7.1,2.8,4683.0,LAKE,0
1.353186783266212,-2.843180001681682,0.2360709808716425,-1.3344038609136837,-0.6327111821080099,0.5796686908330037,33.0,20.0,15.0,27.0,1404.0,7.0,13.0,540.0,4.0,0.3,2.3000000000000003,7.1,14.3,5061.0,LAKE,0
-1.273795696264291,-0.3102869482099725,-1.852641703431824,1.2504797233079794,0.7181404572545209,0.0959714432098253,2.0,27.0,2.8,28.0,458.0,1.0,2.0,39.0,2.1,4.8,0.3,7.5,0.8,4681.0,LAKE,0
0.8988791450372214,-2.0135072641717207,0.1014765734553527,2.1089793067748976,-0.7659043625578833,0.680653921557413,33.0,30.0,6.0,35.0,868.0,5.0,8.0,540.0,3.0,0.3,1.0,7.2,13.0,5053.0,LAKE,0
-1.32047233628786,-0.3143629725892713,-2.127647520362794,1.0780428247468976,0.893411724779666,0.220868904174988,4.0,27.0,2.3,27.0,339.0,0.0,2.0,120.0,2.1,5.0,0.3,7.6,1.2,3068.0,LAKE,0
0.2998936067734069,-1.7227280253974402,-2.033019875299951,-0.6899604536904183,-1.3166559423218038,1.39485071361696,31.0,25.0,5.0,25.0,1072.0,0.0,14.0,350.0,2.4,5.5,2.3000000000000003,6.7,10.17,4687.0,LAKE,0
-0.0170701479170095,-1.774916225214242,1.2482288622175166,-0.0212740208055226,-0.9807275628299568,0.2604066997863734,22.0,20.0,8.0,32.0,920.0,12.0,8.0,540.0,2.6,0.3,1.6,7.0,8.6,5058.0,LAKE,0
1.5893892652606745,-2.974571182226441,0.9067648601055373,-0.6518274861756332,-0.2052298547971149,0.2402087684900469,84.0,21.0,13.0,30.0,1865.0,9.0,17.0,540.0,6.0,0.3,2.2,7.1,12.0,3072.0,LAKE,0
1.7248586328334017,-2.2486634409999193,1.0215455416564017,0.0648949137910539,0.133399692150012,-1.6019939963366492,63.0,21.0,35.8,30.0,2627.0,9.0,17.0,540.0,3.0,0.3,0.3,7.1,14.855000000000002,5038.0,LAKE,0
1.4107894757544217,-2.7879142636490077,1.621280976779166,0.7383232097762964,-0.2056566959522549,0.417188484653368,34.0,24.0,14.0,35.0,1537.0,11.0,21.0,540.0,5.8,0.3,2.0,7.2,10.6,1788.0,LAKE,0
1.4811218970821651,-2.670728775396217,0.6349217405815578,-0.4087397854105307,-0.6304098418149494,0.2045536611850092,63.0,22.0,22.0,30.0,1535.0,8.0,12.0,540.0,4.0,0.3,2.3000000000000003,7.0,10.2,5033.0,LAKE,0
-1.6769647892397417,-0.3002506050511795,-0.5409706858885331,0.5369531638310976,0.4872344042916817,0.0001493016610166,12.0,22.0,2.8,29.0,622.0,7.0,2.0,280.0,2.1,5.2,0.3,7.4,2.4,3069.0,LAKE,0
0.3201945624840547,-2.0685207377038464,-0.1269538414467571,0.3575810210590671,-0.2363100638136048,0.8608261383012624,63.0,24.0,7.0,30.0,1354.0,6.0,14.0,540.0,2.1,1.2,1.6,7.4,10.2,5034.0,LAKE,0
1.2342361956821006,-2.0959783605283957,2.02480289376746,2.378541550865862,-0.3613703885805528,-0.469073367872412,63.0,28.0,14.0,38.5,1592.0,13.0,21.0,540.0,5.0,0.3,0.3,7.1,14.2,5044.0,LAKE,0
-0.287052870846771,-1.4628963061563516,-1.9368069354282709,-0.7076934844125732,-0.9318818241074416,1.490784070250554,27.0,24.0,3.4,25.0,838.0,1.0,12.0,280.0,2.1,5.8,2.3000000000000003,6.9,7.13,4685.0,LAKE,0
2.2070767079451645,-3.3258076758184467,1.4165866679746273,0.0061234217214299,-0.6937550336412688,0.3524493855632749,73.0,23.0,16.0,33.0,2360.0,10.0,27.0,540.0,6.0,0.3,2.3000000000000003,6.9,14.855000000000002,4667.0,LAKE,0
1.553552925117511,-2.1986567264015013,1.3984055398233448,2.4573347475118794,-0.1831098010818228,-0.4961003421765321,33.0,29.0,12.0,38.0,1558.0,9.0,21.0,540.0,6.0,0.3,0.3,7.1,14.2,5037.0,LAKE,0
0.0927248352594928,-1.0848174297731026,0.5062616757824359,2.1078810067753513,-0.929640200188729,-0.531297267642895,57.0,27.0,8.0,35.0,1020.0,8.0,7.0,430.0,2.1,0.3,0.3,6.9,7.4,4234.0,LAKE,0
2.2365342004218864,-3.1735743753310452,-0.2955029870115787,0.1994324011766306,-0.5671831616671889,0.7847730248971551,63.0,27.0,16.0,30.0,1604.0,3.0,9.0,540.0,5.0,0.3,2.3000000000000003,7.1,14.855000000000002,5050.0,LAKE,0
2.3751039914577174,-2.4818799560239495,-0.7994520504000517,0.4487881060193791,0.1522140679083047,-1.0704937506103294,63.0,27.0,20.0,28.0,2250.0,1.0,27.0,920.0,5.8,0.3,0.6,7.0,14.855000000000002,5042.0,LAKE,0
0.8045979676387693,-1.8386578600648904,0.2453345229588321,0.0022681587373235,0.1508928253270728,-0.7931327164881709,57.0,22.0,19.0,29.0,1352.0,7.0,2.0,920.0,4.0,0.3,0.9,7.2,8.6,5031.0,LAKE,0
1.5977297148609022,-2.6214572754097794,-0.2581447473285096,0.0488491203195778,0.5932743858526824,-0.0292095776573156,79.0,25.0,12.0,29.0,1500.0,4.0,33.0,430.0,7.05,0.3,2.0,7.3,6.4,3076.0,POND,0
3.451295690793226,-3.5632184831566978,0.0531898811229348,-2.1814919737567062,-0.5945556176943683,-1.4292628581770608,14.0,19.0,35.8,24.0,3294.5,5.0,6.0,540.0,7.05,0.3,2.3000000000000003,6.4,14.855000000000002,2347.0,POND,0
-0.792435110856925,-0.8866495983591235,-1.7176996440300334,1.076999336932138,0.7693607513460062,0.4547758342392997,27.0,27.0,4.0,28.0,901.0,1.0,2.0,220.0,2.1,4.1,0.8,7.6,2.2,2346.0,POND,0
-0.213851852313343,-1.1850921860995745,-0.7492748422036569,1.0711938826123517,0.0125978473298315,0.0880855231604635,57.0,26.0,6.0,30.0,944.0,4.0,7.0,430.0,2.4,2.0,0.8,7.3,5.4,2357.0,POND,0
0.0546663600597607,-1.4150764366919617,0.1454238595562656,0.046420723723279,-0.2393553159551313,-0.6975331673522246,53.0,21.0,8.0,29.0,1609.0,8.0,15.0,540.0,3.2,0.6,1.0,7.0,4.6,3077.0,POND,0
-0.2552581317603191,-1.3581487751908463,0.8085853232177509,1.3765744652677612,-1.2339081367785871,0.6561823113109888,43.0,25.0,4.0,35.0,873.0,10.0,2.0,430.0,2.2,3.0,1.0,6.9,10.8,4675.0,POND,0
0.9383593287125728,-1.648400098588335,-0.9193773866249376,0.8151349896201193,1.2076539497714096,-1.2918691907793522,47.0,26.0,10.0,28.0,1753.0,2.0,21.0,540.0,6.0,0.3,0.3,7.4,4.8,2344.0,POND,0
-0.6471670418398565,-0.563303444222595,-1.725097402909335,1.2383617850363249,0.196687367968778,-0.4308733811979036,4.0,27.0,3.9,28.0,996.0,1.0,2.0,130.0,2.1,3.0,0.3,7.2,1.8,4665.0,POND,0
2.195266032902934,-3.2349809583943525,-0.0564214891921667,0.0034835173166145,-0.2416814276835332,0.8297833199387968,63.0,26.0,12.0,30.0,1665.0,4.0,33.0,920.0,6.0,0.3,2.3000000000000003,7.2,14.855000000000002,2359.0,POND,0
0.8925201599697581,-2.89222890995746,0.6890320305481943,-0.961801981610954,-0.2315514571283038,1.2630789265882427,58.0,20.0,6.0,29.0,1605.0,9.0,43.0,540.0,4.0,1.0,2.3000000000000003,7.4,14.855000000000002,4236.0,POND,0
1.2594205137319407,-2.324483442714332,-0.3719331630636805,0.2457717996501308,-0.0515156538933779,-0.0245925716300606,47.0,25.0,15.0,29.0,1505.0,4.0,4.0,540.0,4.2,0.3,1.6,7.2,9.0,3078.0,POND,0
0.8571795730897231,-1.937725189855048,-0.5473622484040014,0.1962681182760341,0.1549725905233701,-0.4654344899330033,63.0,24.0,11.0,28.0,1679.0,4.0,11.0,540.0,4.0,0.3,1.1,7.2,7.6,3075.0,POND,0
2.6666133504920255,-3.151260132504401,-0.6811191044368429,0.5372355090346402,0.9815709889483116,-0.705964128043755,31.0,27.0,32.0,28.0,3294.5,1.0,2.0,350.0,4.0,0.3,1.1,7.5,14.0,2345.0,POND,0
0.7360937934384192,-2.0557054604772835,-1.41328249366385,-0.8532838068625298,-1.667348424755452,1.171183344191756,12.0,24.0,6.0,26.0,1347.0,2.0,4.0,170.0,3.2,5.0,2.3000000000000003,6.5,13.17,4238.0,TANK,0
-0.2978431522581353,-1.908830341363077,-1.3168281660102998,-2.298465469864526,-0.6531185594821509,1.4164929189855595,12.0,18.0,4.5,22.0,1004.0,4.0,4.0,49.0,2.2,5.0,2.3000000000000003,7.1,12.12,1464.0,TANK,0
2.7329355757167892,-3.4944551376587585,0.9091230540526224,0.4120896443370043,-0.3342393587735746,0.3373904298735561,84.0,26.0,19.0,33.0,2234.0,7.0,25.0,920.0,7.05,0.3,2.3000000000000003,7.0,14.855000000000002,4703.0,TANK,0
1.7953538285710755,-2.304228934268913,-1.2154635596589742,0.4981055175470372,-0.5076707338350854,-0.0936855331366715,47.0,28.0,18.0,28.0,1355.0,0.0,13.0,540.0,3.8,0.3,1.4,7.0,12.0,3085.0,TANK,0
1.139937561151412,-2.4082077421502777,-1.731826931596394,-0.5348662639498815,-1.3397345613615863,1.3781038033391724,11.0,26.0,6.0,26.0,1687.0,0.0,4.0,140.0,3.2,4.6,2.3000000000000003,6.7,14.855000000000002,4241.0,TANK,0
-1.3905576457445403,-0.5546075973322296,-1.5234398633316328,1.3981820053676544,1.296199206057512,0.6060104711062184,17.0,27.0,2.1,29.0,502.0,2.0,2.0,280.0,2.0,5.1,0.3,7.9,2.6,1447.0,TANK,0
2.199354937485881,-3.347950234896237,1.3051784943373526,0.283151199154165,-0.5746909148478723,0.4770097327282666,27.0,24.0,15.0,34.0,3294.5,10.0,12.0,240.0,7.05,4.0,2.3000000000000003,6.7,14.855000000000002,4233.0,TANK,0
0.8482264056437292,-2.4936289090801,-0.7133017163144879,-2.0678972111951155,-0.6374430986842817,0.8007475991073246,10.0,19.0,8.0,24.0,1802.0,5.0,4.0,140.0,5.2,5.0,2.3000000000000003,6.8,14.2,1780.0,TANK,0
2.396029902721888,-3.379650957481658,0.8285596430349849,0.5135416594754957,-0.4182669745948728,0.5573248621191569,63.0,26.0,20.0,33.0,2097.0,7.0,11.0,540.0,5.6,0.3,2.3000000000000003,7.1,14.6,4228.0,TANK,0
2.809919179698868,-3.4171870200727597,-1.0411949749211953,-1.1526516243228258,0.0406676173564801,-0.0408314206094818,20.0,24.0,22.0,25.0,3294.5,1.0,13.0,280.0,7.05,3.7,2.3000000000000003,6.8,14.855000000000002,4243.0,TANK,0
-0.801177734269996,-1.2023254816553928,-0.0717067585745855,0.4086816051761704,0.0923914515551052,0.3668874599179386,33.0,22.0,4.2,30.0,1488.0,8.0,2.0,430.0,2.1,3.6,1.2,7.3,3.7,4225.0,TANK,0
1.5118924151506872,-3.1411916979730035,-0.4941163891030623,-1.5978456617554395,-0.0899751823566779,0.6215079128031851,8.0,20.0,10.0,25.0,3294.5,5.0,2.0,63.0,5.0,4.0,2.3000000000000003,7.0,14.855000000000002,2348.0,TANK,0
1.533267941315794,-3.3453318454342567,0.9393339842816582,0.6438747227864723,-0.0774523631324871,1.3587838688209048,9.0,25.0,6.6,34.0,3294.5,9.0,6.0,150.0,5.4,4.1,2.3000000000000003,7.2,14.855000000000002,4230.0,TANK,0
1.4079303947088289,-2.7925670539289924,-0.9349516252520972,-2.196987958474515,-0.6935758870972689,0.3837228744359619,8.0,19.0,9.5,23.0,2895.0,4.0,2.0,84.0,5.4,5.0,2.3000000000000003,6.6,14.855000000000002,1783.0,TANK,0
0.518101831221537,-2.1001474880683064,0.7302314974655085,0.6375084894227296,-0.976264827598998,1.416815020716024,6.0,25.0,23.0,34.0,893.0,9.0,2.0,47.0,2.7,5.4,2.3000000000000003,7.0,11.1,4232.0,TANK,0
0.5595048520295106,-1.7750362896908218,-1.4929283987316193,0.411134075289597,-1.2178436840097997,0.748688340179236,27.0,27.0,6.0,28.0,1090.0,1.0,2.0,430.0,2.1,1.5,2.2,6.8,5.2,4248.0,TANK,0
1.0092735665114303,-2.5054827932947505,-1.447129644709603,-0.6992441782482252,-0.7089042007720369,1.4260266744167909,9.0,25.0,6.0,26.0,1439.0,1.0,4.0,94.0,4.0,4.3,2.3000000000000003,7.0,14.17,4242.0,TANK,0
2.5755899901524555,-3.19633009101445,1.0503796780143415,1.1756369727712808,-0.2042158851109523,0.1574065590575953,47.0,28.0,22.0,35.0,1615.0,7.0,15.0,540.0,7.05,0.3,1.8,7.1,14.855000000000002,4700.0,TANK,0
0.694103675025805,-2.1186532374771865,-1.6487481078064623,-0.9468454026656828,-0.8697540878784621,1.1364479771485865,10.0,24.0,6.0,25.0,1347.0,1.0,6.0,170.0,4.0,5.0,2.3000000000000003,6.8,11.18,4239.0,TANK,0
2.4377497140891946,-2.6837116752738854,-0.6100084146599226,-0.1007561819593389,0.4130873405390611,-1.2650136589964238,94.0,25.0,18.0,27.0,2496.0,2.0,17.0,540.0,7.05,0.3,0.7,7.0,14.6,2358.0,TANK,0
0.3643764482111359,-2.019251857611321,-2.040047949765238,-1.0015557554465142,-0.9907713828524004,1.5314296419687865,12.0,24.0,5.0,24.0,1457.0,0.0,6.0,70.0,2.1,5.4,2.3000000000000003,6.9,12.13,4245.0,TANK,0
-0.2016678463343127,-1.2096702276434057,-1.26854079834334,1.1475159880735617,0.2288436988951792,0.2084891228785554,34.0,27.0,4.0,29.0,1221.0,2.0,7.0,350.0,2.1,2.6,0.6,7.4,6.8,4247.0,TANK,0
2.8200203220704085,-3.6028662329797676,0.3908560328527088,0.8877064359505697,-0.4084413525723082,0.5575979292701421,33.0,28.0,14.0,33.0,3030.0,5.0,17.0,1600.0,6.0,0.3,2.3000000000000003,7.0,14.855000000000002,4237.0,TANK,0
0.5610555414261523,-2.1567762457719137,-1.4285460166007955,-0.6719770446292033,-1.207965022920059,1.3308523339973028,7.0,24.0,5.7,26.0,1709.0,2.0,2.0,70.0,2.2,4.5,2.3000000000000003,6.8,12.11,4240.0,TANK,0
0.3534362678428512,-1.6187106118189574,0.5234616088667111,1.7931451770102005,-1.1432075022681076,0.2486875312743448,58.0,27.0,8.0,35.0,1178.0,8.0,4.0,430.0,2.1,0.3,1.4,6.9,6.0,4704.0,TANK,0
2.5781036155497423,-3.6329362843116457,0.2028079675541914,-0.1941101374134861,0.65401667959814,0.0430287667271904,21.0,24.0,26.0,29.0,3294.5,5.0,4.0,540.0,5.2,0.3,2.3000000000000003,7.4,12.0,2343.0,TANK,0
0.1214057224549901,-1.05647943393654,-1.2054176036660584,1.2202450297017655,-0.1366459256546456,-0.5688797031594633,27.0,27.0,10.0,29.0,1306.0,2.0,2.0,430.0,2.1,1.7,0.4,7.1,5.6,4249.0,TANK,0
-0.1124025932402507,-2.0957443093238006,0.7340296976543526,0.658455055538199,-0.9646564482362074,1.833569437188336,9.0,24.0,4.0,34.0,1325.0,10.0,2.0,47.0,2.5,4.6,2.3000000000000003,7.1,10.2,4231.0,TANK,0
1.0531960601908632,-2.3820443906305546,-1.6120087052028,-1.033209530620782,-1.356440829522106,1.1815778477294758,8.0,24.0,6.0,25.0,1898.0,1.0,2.0,84.0,3.5,5.1,2.3000000000000003,6.6,14.855000000000002,4302.0,TANK,0
0.1128929672223198,-2.0430675158744633,-0.9688350816547852,-2.2976856195424795,-1.109860353401967,1.1927530432156892,11.0,18.0,6.2,23.0,1180.0,5.0,6.0,48.0,3.0,5.2,2.3000000000000003,6.8,14.1,3086.0,TANK,0
-0.0998670957226279,-1.0358672879411146,-0.3961309469072592,0.2518996776729911,-1.1858801109041326,-0.36874407843058,27.0,23.0,8.0,29.0,820.0,6.0,7.0,430.0,2.1,1.8,0.8,6.7,8.1,4689.0,TANK,0
-0.8990419576874962,-0.6931978736116448,-1.6725339635574423,1.4657558717680552,0.7264339029636777,0.387949173202776,26.0,28.0,3.0,29.0,644.0,1.0,2.0,350.0,2.1,4.1,0.5,7.6,2.6,3084.0,TANK,0
0.6084586732707138,-2.138664718276152,-1.7090563331974586,-0.9793694154080548,-1.5042245943559065,1.550482198867497,12.0,24.0,5.0,25.0,1437.0,1.0,8.0,84.0,2.2,5.2,2.3000000000000003,6.7,14.855000000000002,4244.0,TANK,0
-2.1035068723007297,-0.0777715516329532,0.0506742388744533,-0.3735180073949085,-0.6248777696550238,0.167269647029165,58.0,18.0,1.6,28.5,200.0,10.5,17.0,220.0,1.0,5.1,0.72,7.0,3.0,3391.0,LAKE,0
-1.9662179207923016,0.1563089160469711,0.2080278123002144,0.0252929915729246,-1.33377185606156,-0.1706196014133377,63.0,19.0,2.2,30.0,198.0,11.0,21.0,280.0,1.0,5.2,0.55,6.6,3.08,4193.0,LAKE,0
-2.1176319804274555,-0.0597575048701531,-0.0228903207771285,-0.0684791959462784,-0.4250594833893442,0.1903061491341347,58.0,19.0,1.5,29.0,211.0,10.0,13.0,210.0,1.0,5.2,0.58,7.1,2.94,1727.0,LAKE,0
-2.1326249278522886,0.1065932131434525,0.2216753231914045,0.1103854349044956,-0.7659287892310062,-0.026718714886182,41.0,19.0,1.8,30.0,198.0,11.0,22.0,210.0,1.0,5.2,0.48,6.9,2.55,4192.0,LAKE,0
-2.167030582696678,-0.1018181757037469,0.1928800259339677,-0.2810584452610587,-0.451456215819069,0.2654675528649116,58.0,18.0,1.9,29.0,203.0,11.0,21.0,220.0,1.0,5.2,0.74,7.1,2.73,4643.0,LAKE,0
-1.9784990507307496,-0.0820141652823814,0.2128811600603729,-0.3582161273101309,-0.7522737598411361,0.1029391074214985,84.0,18.0,2.3,29.0,206.0,11.0,27.0,280.0,1.4,5.3,0.72,6.9,3.5,4642.0,LAKE,0
-2.1902578244158932,-0.0089330406630674,0.1604380933936498,-0.2990065539791411,-0.6076478301181458,0.2371616147169058,63.0,18.0,2.1,29.0,181.0,11.0,25.0,280.0,1.0,5.6,0.73,7.0,2.73,4644.0,LAKE,0
-1.74407615867447,-0.106462373041346,-0.1735886499403401,-0.3977495281587088,-1.4091229408911488,0.1916628726254625,49.0,19.0,1.7,28.5,187.0,9.5,31.0,240.0,1.1,5.1,1.07,6.6,3.06,1728.0,LAKE,0
-1.9581479146100744,-0.1532340413476633,-0.1825394072614718,-0.3040685791116638,-0.836466495298484,0.3531389121746475,48.0,19.0,1.8,28.5,228.0,9.5,17.0,170.0,1.0,5.4,1.0,6.9,2.48,3393.0,POND,0
-2.100797038061895,0.1376970135997485,0.0061534141759336,-0.2180322129114197,-1.109862647106656,-0.0353499672136937,46.0,18.5,1.8,29.0,194.0,10.5,17.0,170.0,1.0,5.6,0.67,6.7,2.39,4197.0,POND,0
-1.8734220636520789,0.2568186313130706,0.264503512704261,-0.1305777479153197,-2.0684626829625627,-0.4194660571846916,48.0,18.5,1.9,30.0,198.0,11.5,15.0,210.0,1.0,5.0,0.7,6.2,2.49,4195.0,POND,0
-2.003178655449585,-0.0553329810435823,0.1099098490624108,-0.0698218032615704,-0.8321121795163953,0.1579114617608584,58.0,19.0,2.2,29.5,201.0,10.5,17.0,210.0,1.0,5.2,0.71,6.9,3.08,3396.0,POND,0
-1.5528354752855986,-0.6339305666306994,0.1213863841737716,-0.3342469076271079,-0.8345205036133655,0.8997150710252466,93.0,19.5,2.6,29.5,220.0,10.0,33.0,280.0,1.5,5.1,1.54,7.0,4.0,3394.0,POND,0
-2.1322355685832366,0.0575599720935881,0.1690091193076591,-0.2574295938400129,-0.7457538905983659,-0.0138455891888785,47.0,18.0,1.6,29.0,191.0,11.0,27.0,210.0,1.1,5.1,0.61,6.9,2.48,4221.0,POND,0
-2.068278731578151,0.0882141916798049,0.2169661445691426,0.0701153225703081,-0.9690604891142298,-0.0470582518240545,47.0,19.0,1.9,30.0,198.0,11.0,17.0,220.0,1.0,5.1,0.58,6.8,2.4,4194.0,POND,0
-2.080062877170094,0.0129695837369178,-0.0632726870725364,-0.1266704956858785,-0.7846378785740444,0.156282793293094,63.0,19.0,1.5,29.0,192.0,10.0,17.0,240.0,1.0,5.4,0.72,6.9,2.39,3395.0,POND,0
-0.2350795400079572,-0.7487601804707497,0.6694680982982495,-0.2942692669336468,-1.6319225194658684,-0.8584494178524105,94.0,19.5,11.0,30.0,216.0,10.5,47.0,430.0,3.1,1.2,0.89,6.4,6.6,4196.0,POND,0
-1.8730552028393577,0.0728045485450327,-0.0521380350515753,-0.1732689173649166,-1.3204786305371723,-0.1450844568377332,58.0,19.0,1.9,29.0,192.0,10.0,17.0,210.0,1.1,5.0,0.68,6.6,2.9,3392.0,POND,0
0.4520320378704223,2.66422005841306,-0.0892882607771391,-1.7811508631017812,3.152299247334187,1.5145728423638476,10678.0,17.0,6.8,24.0,539.0,7.0,766.0,31301.25,5.2,7.8,0.51,8.1,2.61,1364.0,LAKE,0
-0.4001355865028143,1.312497887299214,-0.2588088784500932,-0.9130846960339866,1.7078906633766155,0.8056441050506608,4300.0,19.0,5.0,26.0,371.0,7.0,766.0,7900.0,4.0,5.8,0.8,7.6,0.92,2499.0,LAKE,0
-0.3490671666730631,-0.6376683327400151,-1.180271131431413,-1.6228700723228142,1.168984144306655,-1.27666735963021,356.0,18.0,15.0,22.0,629.0,4.0,45.0,1500.0,6.0,4.5,0.51,7.2,2.61,2501.0,POND,0
2.063064196137719,0.2077282144692723,0.0229391590653727,-1.6376251638263035,2.506490976007999,-1.5672875953378451,4300.0,18.0,32.0,23.2,1336.0,5.199999999999999,766.0,6300.0,7.05,1.2,0.51,7.5,2.61,2500.0,POND,-1
-3.1941259984259966,0.6603720688589394,-0.1834153247534144,-2.1459888578252215,0.3261813019839044,-0.2869025697282735,170.0,11.0,1.6,23.0,210.0,12.0,70.0,540.0,1.0,7.4,0.32,7.2,0.37,3437.0,LAKE,0
-3.1537186471399825,0.7751176563412373,-0.0966315332736731,-2.4872588224927306,0.4648000779568743,-0.3393433824058295,350.0,10.0,2.0,22.0,440.0,13.0,140.0,920.0,1.0,7.6,0.32,7.2,0.36,1362.0,LAKE,0
-1.7445002878163356,1.99049188487317,0.3411946507719392,0.0443145708851747,0.152938450213678,0.6636109368884595,2200.0,19.0,1.7,30.0,195.0,11.0,766.0,3900.0,1.2,7.7,0.3,7.0,0.3,2539.0,LAKE,0
0.8582498078924885,2.6511149842230965,1.570639816614635,0.9604336913914124,1.911799552991832,1.285018845390479,10678.0,22.5,8.5,34.0,763.0,11.5,766.0,31301.25,3.2,4.0,0.35,7.8,0.72,2505.0,LAKE,0
0.8495676714209529,2.8175271232071326,1.4883897737507743,0.9461841424940096,1.4180022554062186,1.1239625340784534,10678.0,22.5,6.9,34.0,868.0,11.5,766.0,31301.25,3.2,4.5,0.3,7.5,0.8,2503.0,LAKE,0
-2.4947886085301176,1.613682531957888,1.0359677815992736,-2.3965568021951484,-0.2905957356666149,-0.4175680806684855,5000.0,10.0,1.8,24.0,97.0,18.0,60.0,13000.0,1.0,5.5,0.3,6.9,0.3,4729.0,LAKE,-1
-1.275873169959608,2.1029263442504633,-0.0809692576041853,0.3058795953710845,-0.6223669507865716,0.4515149147134532,5000.0,21.0,2.2,30.0,68.0,9.0,400.0,13000.0,1.0,6.8,0.3,6.7,0.3,2519.0,LAKE,0
-2.004161250185177,1.3236851209234868,1.035438173112793,0.5391763473151194,-0.8275731590965184,0.1399251382267058,2600.0,19.0,2.1,33.0,128.0,14.0,170.0,9000.0,1.4,6.8,0.3,6.7,0.3,4720.0,LAKE,0
0.9793054228453546,2.695295870505729,1.5702186016992028,0.9292181247995154,1.6113450630022863,1.069212955591139,10678.0,22.5,7.2,34.0,775.0,11.5,766.0,31301.25,3.6,3.8,0.3,7.6,0.9,2504.0,LAKE,0
-1.601437466685035,2.8042687951970087,1.530864711095027,-2.670967358606536,-0.4335987416719116,-0.3880069736872717,5000.0,10.0,2.8,24.0,196.0,20.0,766.0,14000.0,1.8,5.8,0.3,6.5,0.32,2520.0,LAKE,-1
-1.270776508975091,0.3967371549558018,0.1083526269727172,0.8007114869977775,0.2817572365134258,0.1090837705625677,790.0,22.0,4.1,31.0,826.0,9.0,330.0,1700.0,1.8,5.2,0.3,7.2,1.9,1765.0,LAKE,0
-0.3820304702505001,2.7744781265565845,0.5606787958964945,0.5650556266662599,0.5623274092311759,1.0153786519372592,9400.0,22.0,7.3,32.0,422.0,10.0,766.0,12000.0,2.7,8.8,0.3,7.0,0.8,2544.0,LAKE,0
-3.0904136470477117,0.8480005966509209,-1.1788573085613756,-3.0662391646625102,-0.0726623535660615,-0.7341133643092407,110.0,10.0,1.1,18.5,29.0,9.0,70.0,210.0,1.0,7.1,0.3,6.9,0.3,2522.0,LAKE,0
-3.322620087758975,0.8147716233797532,0.3919849642060059,-2.2090795846622213,-0.2913025674954913,-0.545205815602103,130.0,10.0,1.8,24.0,36.0,15.0,60.0,330.0,1.0,7.2,0.3,6.9,0.3,2521.0,LAKE,0
-3.098532997138805,0.8404115931869931,-1.0438907294106563,-3.0864446934175676,-0.0655830389243297,-0.7614675817079034,110.0,10.0,1.6,18.5,73.0,10.0,70.0,330.0,1.0,7.1,0.3,6.9,0.3,4725.0,LAKE,0
-0.4406006465337037,-1.155760510166009,-1.040530191692559,-0.0178526188120188,0.3577641690292908,-0.8215754418521803,3.0,21.0,2.8,26.0,3294.5,5.0,3.0,210.0,2.2,3.8,0.74,7.0,1.45,1790.0,LAKE,0
-0.4481420775702363,-0.9718560075943418,-1.2360001325245102,0.5013349149219937,-0.2356427353578757,0.2241585202270135,23.0,25.0,4.8,28.0,890.0,3.0,15.0,460.0,2.4,3.6,1.03,7.1,4.52,2353.0,LAKE,0
0.8652228916056998,-2.093021701953208,-0.2477793782954616,0.3333413905275903,-0.7843441930979075,-0.3555031074614098,23.0,23.0,6.2,29.0,3294.5,6.0,11.0,1100.0,1.7,0.5,1.3,6.8,8.62,4368.0,LAKE,0
-1.168992337453999,0.2983749441084868,-1.2604768251220877,1.3161675467229952,-1.489320747640375,-0.4384523349452139,200.0,26.0,2.5,30.0,670.0,4.0,47.0,600.0,0.8,5.3,0.11,6.4,3.3,4391.0,TANK,0
-2.1209374226416497,0.3079181390287106,1.934856782675185,0.4734021072628288,0.0978022942875177,1.0718345928749573,910.0,18.0,3.8,35.0,240.0,17.0,300.0,1500.0,2.1,7.2,1.0,7.3,1.8,1529.0,LAKE,0
-1.5081071151619398,0.5937350087490858,-0.3957498148477909,-0.1031793201380831,-0.6925457531321331,-0.0858880542432028,360.0,20.0,2.4,28.0,140.0,8.0,300.0,1400.0,1.1,4.2,0.6,6.8,1.0,2205.0,LAKE,0
-1.9588272310801265,0.0892009835689974,0.7542797832959697,1.3106990813795083,-0.7231934955680525,0.0127436471366231,360.0,22.0,2.4,34.0,67.0,12.0,2.0,910.0,1.1,4.1,0.4,7.0,1.1,2206.0,LAKE,0
-1.3594357187554165,-0.0347279186992002,1.3082348637459031,-0.1128303077859262,-0.1937881543910231,0.5347086052916549,730.0,18.0,3.9,32.0,244.0,14.0,300.0,1500.0,2.8,4.5,1.2,7.1,2.0,2218.0,LAKE,0
-0.8777552066769232,-0.5991288037092828,-1.8620201049443064,0.2327093193271726,-0.022188187971191,-0.3676046979685444,2.0,24.0,2.3,25.0,273.0,1.0,2.0,2.0,1.1,0.3,0.7,7.3,0.7,3785.0,LAKE,0
-1.562866899560006,0.6081783273574268,-0.6395088621365821,-0.2505684175836795,0.0574677003272066,0.0588406552518212,730.0,20.0,2.4,27.0,94.0,7.0,300.0,2000.0,1.8,5.0,0.5,7.1,0.9,3787.0,LAKE,0
-1.4076842560874965,0.5347840892338531,-1.2037016256729691,-0.6274335590202915,-0.172592837027186,0.1373432081378431,730.0,20.0,2.6,25.0,218.0,5.0,300.0,2000.0,1.3,5.0,0.7,7.0,1.4,3789.0,LAKE,0
-2.0206281634325896,0.4790806193011638,2.2022676785012605,0.4834775180070202,-0.6243391518093173,0.2763288021033775,730.0,17.0,2.8,35.0,116.0,18.0,300.0,1500.0,1.3,4.1,0.7,7.0,1.2,3798.0,LAKE,0
-0.942540934420348,0.6732392741722008,-1.202890466185892,-0.7530187603998622,-1.4939360318792376,-0.7124063765087896,360.0,20.0,2.6,25.0,152.0,5.0,300.0,1500.0,2.1,4.0,0.7,6.2,1.1,3800.0,LAKE,0
-1.1784490381120531,0.6011960769758127,-1.3900233117845813,-0.4470946884086306,-0.5498263551607827,-0.1576358501046088,720.0,21.0,2.3,25.0,150.0,4.0,300.0,2000.0,1.3,4.1,0.6,6.8,1.3,3804.0,LAKE,0
-1.3153863401812989,0.5911924977194551,1.6314941963319156,1.1587072690540758,-1.7083878498698477,0.0266011952055007,910.0,21.0,2.7,36.0,148.0,15.0,300.0,2100.0,1.6,4.0,0.7,6.4,2.0,3808.0,LAKE,0
1.3219086236095503,-1.3183447636307803,3.0261884061596227,-0.1615716159188212,0.4150232638695186,-0.7599437111945512,1100.0,18.0,29.2,35.0,1168.0,17.0,360.0,3500.0,7.05,1.4,1.6,7.0,4.6,3812.0,LAKE,0
1.35985908825088,0.1303325762045741,2.312604754700262,0.1599398733321277,0.4369857367877035,-0.645974585620553,2900.0,20.0,16.3,34.0,530.0,14.0,766.0,4400.0,7.05,0.3,1.1,6.9,2.2,3814.0,LAKE,1
2.399689591814175,0.1955998404547967,2.3455555412616476,-0.2711788969035367,0.286798546817171,-0.7764931352710926,3900.0,20.0,28.5,33.0,526.0,13.0,766.0,12000.0,7.05,0.3,1.0,6.8,7.0,3819.0,LAKE,0
2.551282260211989,0.3726365292762505,2.666400895663783,-0.1204950880458462,0.4135542393967873,-0.8858451699346407,4300.0,20.0,34.8,34.0,529.0,14.0,766.0,15000.0,7.05,0.3,1.2,6.8,4.1,3820.0,LAKE,0
-1.7055952424746563,0.4680475111055207,1.0927123247169297,1.028954321057125,-0.4086925029503931,0.3977450911541793,730.0,21.0,2.4,34.0,65.0,13.0,300.0,1400.0,1.2,4.1,0.6,7.1,1.0,3821.0,LAKE,0
-2.380793437282007,0.3838399157134154,1.1791555505027955,0.2059838080090241,-1.0592545744216348,-0.6187054006441249,2.0,17.0,2.6,32.0,59.0,15.0,2.0,930.0,1.3,4.5,0.2,6.7,1.1,4337.0,LAKE,0
-0.7413089470073249,-0.3619500424069777,2.0453196396491458,0.3295212731991085,-0.5163600136436516,0.0564944680250706,1100.0,18.0,2.9,34.0,1004.0,16.0,300.0,2800.0,2.3,1.0,1.2,7.0,1.8,1263.0,POND,0
-1.3804325664267691,0.6284330627831426,-0.9153382707088056,-0.4127110241502287,-0.4304701737589663,-0.0602719746199367,910.0,20.0,2.8,26.0,203.0,6.0,300.0,2100.0,1.0,4.2,0.6,6.9,1.1,2207.0,POND,0
-2.2235278277759414,0.0734996416468327,0.5218865315501925,0.2633628186835194,-0.3811979971212598,0.1350322760362326,360.0,19.0,2.4,31.0,62.0,12.0,2.0,910.0,1.4,5.2,0.6,7.1,1.1,2208.0,POND,0
-2.4452489834020144,0.4820868896913624,0.2043363117907238,0.6073521435839863,-0.4489089025468668,-0.1631692176387283,360.0,20.0,2.4,31.0,33.0,11.0,2.0,730.0,1.0,6.0,0.1,7.0,0.9,2209.0,POND,0
-2.239760092414569,0.3703797288107811,1.0150967375495237,0.5396969718536543,-0.8131864213738175,-0.0360111453578996,910.0,19.0,2.3,33.0,93.0,14.0,2.0,1500.0,1.9,6.3,0.4,6.8,1.6,2210.0,POND,0
-1.83733793556381,0.6518297994509238,0.3933444845547436,0.6398784677551963,-0.3675274115236397,0.6606997577180709,910.0,21.0,2.6,32.0,313.0,11.0,300.0,2000.0,1.2,6.8,0.7,7.0,1.2,2211.0,POND,0
-2.3126714280157734,0.1109518413218359,1.298065083134332,0.6022037354373729,-0.5765189183100868,0.4687527630166017,730.0,19.0,2.5,34.0,101.0,15.0,2.0,1500.0,1.9,6.6,0.8,7.0,1.1,2212.0,POND,0
-2.0151300976119395,0.8221731495455247,0.3966296315753622,0.7477875952735306,0.0744338803661238,0.6182876959275505,1100.0,21.0,2.4,32.0,190.0,11.0,300.0,2700.0,1.3,7.0,0.4,7.2,1.1,2213.0,POND,0
-1.6293649934601475,0.4225615353778768,1.329088298433122,0.7661611923451023,-0.5644693552523041,0.3711658376629014,730.0,20.0,2.6,34.0,60.0,14.0,300.0,2000.0,1.6,4.2,0.7,7.0,1.6,2214.0,POND,0
-1.8959808715464332,-0.0547995139935487,1.230815765879516,0.8053938636194206,-0.7430255380572324,0.2284035392438059,730.0,20.0,2.4,34.0,84.0,14.0,2.0,2000.0,1.6,4.3,0.7,7.0,2.0,2215.0,POND,0
-1.6265773369219183,0.2841463471145719,1.3456739729654568,0.7243194899150192,-0.05579753180051,0.606641586654963,910.0,20.0,2.8,34.0,227.0,14.0,300.0,2000.0,2.2,5.1,0.8,7.2,1.5,2216.0,POND,0
-1.0743316381978265,0.9960884456221508,1.367633754293344,-0.1122292861607405,-0.1190162574396854,0.8065372647038188,1500.0,18.0,2.6,32.0,395.0,14.0,730.0,3500.0,2.2,5.2,1.0,7.0,2.1,2217.0,POND,0
-1.4101836523968665,0.2777513151212412,1.611082593539168,0.7648526133950285,-0.8974438810445414,0.4622245039572453,730.0,20.0,4.2,35.0,250.0,15.0,300.0,2100.0,2.0,4.8,1.0,6.8,1.8,2219.0,POND,0
-2.0988774959802914,0.3091946606947348,1.10408614062427,0.8442278051896704,-0.9981730187242784,0.1394209550948879,910.0,20.0,2.4,34.0,92.0,14.0,2.0,2800.0,1.4,5.5,0.6,6.8,1.0,2220.0,POND,0
-2.19691272049896,0.6017155326790997,1.9739497491690057,0.9477434202714776,-0.1544212569543154,0.7678826726606938,910.0,19.0,2.3,36.0,64.0,17.0,300.0,2100.0,1.7,6.4,0.6,7.2,1.6,2221.0,POND,0
-1.709171375616894,0.3388347436234261,1.4717491286643067,1.52279232219098,-0.1308671838373825,0.6377263057236702,720.0,22.0,2.4,36.0,65.0,14.0,300.0,1500.0,1.3,4.0,0.6,7.3,1.1,2222.0,POND,0
-1.9295283757663908,0.1003932442758467,1.0867503024328695,1.4620244060761374,-0.3627651344995772,0.2106675916723084,910.0,22.0,2.7,35.0,70.0,13.0,2.0,2700.0,1.3,4.1,0.4,7.2,1.1,2223.0,POND,0
-1.831832211704884,0.0558440363739907,1.0624529410799437,1.3648529579708657,-0.7432209715225203,0.2285534853095483,910.0,22.0,2.6,35.0,96.0,13.0,2.0,2100.0,1.4,4.3,0.6,7.0,1.1,2224.0,POND,0
-1.206022345266368,0.343346438485667,-1.360962993216071,-0.7971215097776027,0.2879477007921053,0.0482542002960229,730.0,20.0,2.7,24.0,131.0,4.0,300.0,2000.0,2.0,4.1,0.7,7.2,1.3,2225.0,POND,0
-2.3805993055102177,0.4235198645362232,0.9975615401276604,0.682254503281562,-0.8412965197901294,-0.328295382239505,300.0,19.0,2.4,33.0,35.0,14.0,2.0,730.0,1.5,5.5,0.2,6.8,0.8,2226.0,POND,0
-2.0905438571581767,0.2169052925207944,0.7844694038752346,0.4255925757917506,-1.0232242070129245,-0.4067778367045299,2.0,19.0,2.5,32.0,57.0,13.0,2.0,730.0,1.8,4.8,0.4,6.7,1.1,2227.0,POND,0
-1.9788923998342909,0.849001340404823,0.0405437562841812,0.2136034389596924,-0.2634122461671898,0.4036079479448665,910.0,20.0,2.3,30.0,65.0,10.0,300.0,2000.0,1.3,6.7,0.5,7.0,1.0,2228.0,POND,0
-2.218134901713593,0.1240819018350304,1.002369026494442,0.197636315049782,-0.7552337225922469,0.0146881668460456,360.0,18.0,2.4,32.0,89.0,14.0,2.0,1400.0,1.6,5.3,0.6,6.9,1.7,3772.0,POND,0
-0.8111632187119708,0.728969084859157,-1.33186637981749,-0.2362770441394111,-1.347160777517816,-0.5359841329731981,910.0,22.0,2.3,26.0,170.0,4.0,300.0,2100.0,2.0,4.1,0.6,6.3,1.3,3806.0,POND,0
-1.2877616636212843,0.3729442394824221,1.6941625786192664,0.8511046507369677,-0.4206120183166295,0.4311928365140673,1100.0,20.0,2.7,35.0,421.0,15.0,360.0,3500.0,2.2,4.2,0.8,7.0,1.8,3809.0,POND,0
-2.0757379153501048,0.2944062736684414,0.2803870029286144,0.4425886435185568,-0.7443572543820091,-0.2896555748812675,300.0,20.0,2.5,31.0,34.0,11.0,2.0,730.0,1.9,5.6,0.3,6.8,1.4,4006.0,POND,0
-2.2095375762625116,0.007779239262708,1.145356093569314,0.6558413405307196,-0.2933759175915281,0.0183783485190694,360.0,19.0,2.4,33.0,71.0,14.0,2.0,910.0,1.4,4.2,0.4,7.2,1.6,4334.0,POND,0
-2.1978028163262864,0.2610028247831978,-0.1014795798081034,0.1745340987047462,-1.0449473101706834,0.1062240544154364,2.0,20.0,2.3,30.0,31.0,10.0,2.0,600.0,1.3,6.6,0.7,6.7,1.1,1532.0,TANK,0
-0.2865373178846511,3.4004517181583065,3.258163556820648,0.3515924879313132,0.5877902389430287,0.8545802685041941,10678.0,16.0,6.1,36.0,263.0,20.0,766.0,31301.25,1.4,3.5,0.11,7.3,0.2,2557.0,LAKE,0
0.9397990644529703,3.0562711077318907,1.662670802384432,-0.503272884655209,1.3238973376870409,0.0155091949888254,10678.0,17.0,26.0,30.0,1050.0,13.0,766.0,31301.25,1.8,4.5,0.09,7.3,0.95,2571.0,LAKE,0
1.329616907263972,2.8246903523638074,1.902429012197152,0.186368332014934,0.8337226918043259,-0.1343871131421155,10678.0,19.0,18.4,32.0,991.0,13.0,766.0,31301.25,1.9,1.0,0.11,7.2,0.68,4296.0,LAKE,0
0.438256884974146,2.910686158726034,2.167103570729742,-1.105679389948644,0.2734490572525592,0.6673825498505316,10678.0,14.0,5.0,30.0,968.0,16.0,766.0,31301.25,1.2,2.9,0.18,7.1,5.99,2573.0,POND,0
-0.5827545627577573,2.658568880676264,2.184724973049222,-0.7733193669889041,1.389351269988104,0.4845635015142764,10678.0,14.0,8.0,31.0,688.0,17.0,360.0,31301.25,3.0,6.0,0.05,7.5,1.01,2574.0,POND,0
-1.5489005719278774,1.6117648466137549,1.084600265363167,-0.6540531102266782,0.2425285806009262,1.234817827086312,5449.0,16.0,3.6,30.0,288.0,14.0,8.0,31301.25,0.7,7.1,0.52,7.4,4.0,2046.0,LAKE,0
-0.721529630409441,-0.4986192286901714,1.5015273897360284,1.3846446716386014,0.7017367403324662,-0.7219728235156252,360.0,23.0,16.0,36.0,308.0,13.0,1.0,1600.0,7.0,6.3,0.44,7.1,0.44,3163.0,LAKE,0
-0.8333193384588533,-0.0477602051330156,0.3810178787630884,1.3578797561020393,0.188947245695707,-0.7780805652093988,300.0,24.0,35.8,33.0,322.0,9.0,5.0,1600.0,1.6,6.5,0.36,7.1,0.36,3164.0,POND,0
0.4709747515952404,-0.0483075924530821,0.1123671434428218,-0.8685116566047878,2.76397344600067,2.9826320194877094,1700.0,22.0,13.0,29.0,840.0,7.0,766.0,16000.0,7.05,11.65,2.3000000000000003,8.1,5.9,3030.0,LAKE,0
3.503545465680087,0.2537667727428825,0.998699992242854,-0.4866880862749189,3.7243924325048976,0.6588087993659649,8200.0,22.0,35.8,29.0,3294.5,7.0,766.0,31301.25,7.05,4.4,1.74,8.1,1.74,3031.0,LAKE,0
0.8132117095198791,-2.208261288001991,0.3347803629030318,-1.1063410322665936,2.4145681439345283,2.33603919691311,220.0,22.0,35.8,29.0,670.0,7.0,220.0,3500.0,7.05,11.65,2.3000000000000003,8.2,14.855000000000002,3476.0,LAKE,0
-1.7846392007944392,0.6422922144986097,-1.364639940720834,1.757640289342113,-1.466205640899673,-0.2146680190874126,170.0,27.0,2.1,31.0,83.0,4.0,5.0,350.0,0.1,5.9,0.11,6.5,0.32,1549.0,LAKE,0
-0.642088172795991,2.4520912920020512,-0.8599705928940676,1.643318098304461,-2.3176341070659885,-0.054701246536976,2300.0,27.0,0.1,32.0,72.0,5.0,766.0,4900.0,0.1,5.6,0.11,5.800000000000001,0.32,2269.0,LAKE,0
-1.1879119073807658,0.8232301993377906,-1.586412845773825,1.5246567868082503,-2.7381083255910363,-1.0014615262505902,540.0,27.0,2.0,30.0,78.0,3.0,8.0,920.0,0.1,3.9,0.11,5.800000000000001,0.32,3175.0,LAKE,0
1.9746490249673128,1.7121163188561637,-0.4446155558196435,1.575102695107658,-1.230982179014054,-0.6554931233586841,7900.0,27.0,6.2,31.0,3294.5,4.0,766.0,14000.0,0.1,1.3,0.11,6.1,3.61,3176.0,LAKE,0
-0.7733366998681439,1.655005772045636,-0.8564025608221321,1.4538883605107045,-1.4801448977117806,-0.1880356870879368,2300.0,26.0,3.6,31.0,395.0,5.0,490.0,4900.0,0.1,4.8,0.11,6.3,0.51,3177.0,LAKE,0
0.1588635213818123,2.261695163886735,-0.8784403915771645,0.9948701001641592,-1.8413383626188495,0.1635043743490601,4900.0,26.0,3.7,30.0,267.0,4.0,766.0,7900.0,0.1,4.4,0.11,6.1,4.78,3178.0,LAKE,0
0.4235743304269624,2.0043242370678676,-1.1237890235801655,1.292311369854703,-0.250874153223945,1.22321453548757,7000.0,28.0,5.0,30.0,358.0,2.0,766.0,11000.0,0.1,4.1,0.63,7.0,2.59,3179.0,LAKE,0
1.1225508606809858,2.1072589158586523,-0.6648006608316231,1.2000995543237218,-1.6465184793961245,-0.6732635873980982,7000.0,26.0,6.2,30.0,1671.0,4.0,766.0,9400.0,0.1,1.6,0.11,6.0,1.96,3180.0,LAKE,0
-0.6226298580811209,2.7394691305342445,-1.0993469735489827,1.4596244273820682,-1.4283245304003684,0.4817006861187403,4900.0,27.0,2.3,31.0,153.0,4.0,766.0,7000.0,0.1,7.3,0.11,6.2,0.45,4408.0,LAKE,0
-0.3805117834179971,-1.137432301749473,-0.5929679519448133,1.5814463910792942,2.2293144760052375,-0.7934783309175402,82.0,25.0,21.0,30.0,3294.5,5.0,6.0,430.0,1.8,5.2,0.07,7.9,0.41,1343.0,LAKE,0
-1.4358113248452475,-0.0381738313745247,-0.9019371236447872,1.2772605918411288,0.6043424145488208,-0.3627560044911397,92.0,25.0,6.0,30.0,601.0,5.0,15.0,460.0,2.7,5.7,0.03,7.3,0.33,1344.0,LAKE,0
-2.3580985092909432,-0.1866242337135248,0.2418413005682773,1.3409424241478909,0.9009858437264184,0.3516244833869602,20.0,22.0,0.9,32.0,419.0,10.0,2.0,120.0,0.1,3.5,0.12,7.9,0.62,1345.0,LAKE,0
-1.55176727087364,-0.2102308043589762,0.3196902338442683,1.2934880220021916,0.0510316437774056,-0.3725395777640249,540.0,22.0,5.1,32.0,1299.0,10.0,21.0,920.0,0.1,2.8,0.18,7.3,0.74,1346.0,LAKE,0
-0.354902425535616,-0.9182350647899056,-0.9246966486913176,1.6955925049655995,1.4946846298827834,-0.8465114279173267,170.0,26.0,17.0,30.0,3294.5,4.0,8.0,350.0,1.8,5.7,0.09,7.5,0.35,1972.0,LAKE,0
-1.0424323796478323,-0.9574862205010776,0.8480741066568898,1.1776503902362507,0.2217015829840171,-0.3262092617799312,33.0,21.0,6.0,33.0,3113.0,12.0,5.0,170.0,0.9,5.5,0.05,7.2,6.9,1973.0,LAKE,0
-1.09795177641486,-0.3153895264474551,-1.779022700356566,0.6353068565482312,-0.0557801814009053,-0.6679082240974561,7.0,24.0,3.0,26.0,1360.0,2.0,6.0,27.0,0.4,2.6,0.28,7.1,0.32,1975.0,LAKE,0
-0.3139025018397686,-0.6816390421224648,-0.3648412415316358,0.456950313887995,0.7434985433951636,-1.5189071807936112,17.0,22.0,26.4,28.0,1241.0,6.0,2.0,110.0,2.1,2.6,0.04,7.3,2.25,1976.0,LAKE,0
-1.7608730715739376,-0.424947733340741,1.2919349624748298,1.3392313630261352,0.2616000977443634,-0.4001693503335106,120.0,20.0,6.3,34.0,1777.0,14.0,12.0,540.0,0.1,3.1,0.18,7.4,0.88,1977.0,LAKE,0
-1.924696030752833,0.2051397799546977,-1.222446340105745,2.239859633158071,0.0137291249616906,0.3907941926494404,26.0,28.0,0.9,32.0,565.0,4.0,17.0,70.0,0.1,6.1,0.07,7.3,0.32,2076.0,LAKE,0
-1.2052259222532604,-0.3616981975469729,-1.3496690205405082,1.8064901442561871,0.2103014959471621,-0.4597458621466943,12.0,26.0,1.5,30.0,3294.5,4.0,2.0,63.0,0.2,6.7,0.05,7.0,0.15,2077.0,LAKE,0
-0.9294766605603972,-0.633809884901418,-0.8460416453783219,1.497552649378093,0.7287030319566795,-0.677004512137793,2.0,25.0,2.7,30.0,2350.0,5.0,2.0,8.0,2.0,4.2,0.03,7.3,0.75,2078.0,LAKE,0
-1.4524650312422989,0.2131007938727106,-0.9601818698738817,1.298572364004526,-1.2205640082925908,-0.9032065110565516,2.0,24.0,2.3,30.0,1832.0,6.0,2.0,2.0,0.1,5.4,0.03,6.4,0.28,3197.0,LAKE,0
-2.0658368768596436,0.0919097187041354,0.1215381922855937,0.8936474484288113,-0.1239373861178555,-0.2857919693194449,94.0,21.0,2.6,31.0,562.0,10.0,12.0,350.0,0.6,4.1,0.12,7.2,0.68,3198.0,LAKE,0
-1.785780331145232,0.2103471646221411,-0.7671129405335098,1.842854099295708,-0.2869569757607463,-0.1541182470180123,7.0,26.0,2.6,32.0,695.0,6.0,2.0,26.0,1.1,6.1,0.03,7.0,0.23,3199.0,LAKE,0
1.735643319165172,-2.167758916107257,-0.2258785715498122,1.6352623510518085,3.4409937808221667,-1.9860431881526344,540.0,27.0,35.8,30.0,3294.5,3.0,21.0,920.0,6.0,0.6,0.15,8.2,0.5,3200.0,LAKE,0
0.7083756242138635,-1.6637321889783954,-0.6270927053264618,1.6780399665247854,3.508011123773733,-1.1932640454415662,540.0,27.0,24.0,30.0,3294.5,3.0,26.0,920.0,6.0,4.6,0.04,8.2,0.32,3201.0,LAKE,0
-0.7442389818034567,0.0393725167873997,-0.9083967414414686,1.0211292728258037,1.4475248067631323,-0.1936982862528948,1600.0,25.0,6.4,29.0,802.0,4.0,210.0,1600.0,3.7,4.7,0.16,7.6,0.18,3202.0,LAKE,0
-1.0927918783159316,-0.3814250178113872,-1.3097824836611938,1.786975568331138,0.2300477056468948,-0.5074381334605182,47.0,26.0,2.6,30.0,3294.5,4.0,9.0,430.0,0.3,6.5,0.06,7.0,0.25,1979.0,POND,0
-1.3602607069097927,-0.5143481515062266,0.2680482487224274,2.1482204370600644,0.1668049245098936,-0.5221972988411613,36.0,24.0,1.8,34.0,3294.5,10.0,2.0,84.0,0.2,5.2,0.03,7.1,0.28,2079.0,POND,0
-0.4942225970340834,-0.43513575243144,-0.3518922374819195,0.9908834192262994,0.7906234601190107,-1.2744090025164254,170.0,24.0,20.0,30.0,843.0,6.0,4.0,470.0,4.0,4.3,0.04,7.2,0.66,1971.0,TANK,0
-1.7266053749373644,0.7540823053195153,0.8862270502199882,-0.881170819030851,0.6954172348533089,-0.2913561890449441,2000.0,14.0,5.2,28.0,1850.0,14.0,200.0,11000.0,1.6,7.0,0.09,7.2,2.3,1349.0,LAKE,0
-0.7864870611173367,2.555827357521958,1.4006554576862806,-1.073945304905214,0.126220278894108,0.328122441495238,10678.0,14.0,7.6,29.0,905.0,15.0,130.0,31301.25,1.2,6.7,0.06,7.0,3.14,1392.0,LAKE,0
-0.9042041211565782,-1.776894241662628,-0.282677989120657,-0.3279212744809309,0.1070260726324736,2.117545565784041,2.0,22.0,2.1,29.0,300.0,7.0,2.0,2.0,2.1,4.4,2.3000000000000003,7.7,7.41,3032.0,LAKE,0
-0.3930986048498394,-1.4627875226757208,-0.5129127068734622,-4.174985605544506,0.0524238967465225,0.1212544035706326,356.0,10.0,19.0,18.5,920.0,8.0,45.0,1500.0,4.0,6.0,2.1,7.0,9.3,3033.0,LAKE,0
-1.0493875726651531,-0.0976900608184407,-0.9595267308472144,0.9371169596899022,0.4644149196938571,-0.4205235849022641,100.0,24.0,7.5,29.0,1720.0,5.0,100.0,1400.0,2.2,6.8,0.05,7.1,2.38,4857.0,POND,0
-2.8302577968995837,0.5851735188144563,-1.5393393739935064,-1.4593891847315077,0.3663511988050456,0.1683061824866181,140.0,16.0,0.4,22.0,397.0,6.0,63.0,920.0,0.1,8.3,0.1,7.3,3.39,1291.0,LAKE,0
-3.407873240604195,0.8681680395429665,0.5881492067571252,-0.9662634829663108,-0.892033195364502,-0.3710201100839917,2.0,13.0,0.3,28.0,306.0,15.0,2.0,70.0,0.1,8.1,0.07,6.7,1.3,1292.0,LAKE,0
-1.799920040822342,-0.1898495586641325,0.1701126291558855,-0.5415101484538215,-0.1310851518879342,-1.322057351735053,33.0,15.0,2.0,27.0,3294.5,12.0,12.0,170.0,0.8,6.1,0.01,6.7,1.23,1429.0,LAKE,0
-2.0497944381224578,0.423474683432864,-0.6912117648450461,-1.2051739227616325,0.22309209057998,-0.8043938309536626,350.0,16.0,9.0,24.0,204.0,8.0,49.0,1600.0,1.6,5.6,0.06,7.1,1.68,2649.0,LAKE,0
-3.1213853136948253,0.7088755400115814,0.680861518310693,-2.6595367959231826,-0.9410314826041084,-1.1607151225987675,20.0,10.0,6.5,22.0,139.0,19.0,2.0,240.0,0.4,5.9,0.22,6.6,1.63,2650.0,LAKE,0
-2.579596530444536,0.1381710766837643,0.9496548836550748,-1.4997953271366409,-0.0424538807890577,-0.2083481311119835,356.0,12.0,2.7,27.0,226.0,15.0,45.0,1500.0,1.3,4.9,0.51,7.2,2.61,1309.0,LAKE,0
-3.121702301724003,0.8825018402204273,-0.8247765326696778,-1.1794481542477515,0.251522004455484,-0.2207630145300453,356.0,15.0,0.4,24.0,220.0,9.0,45.0,1500.0,0.3,7.6,0.01,7.2,0.02,2738.0,LAKE,0
-2.9170760176740456,0.7018166106117014,-0.7184336909320156,-1.159575318375591,0.3875044224019006,-0.342714539517663,356.0,15.0,0.6,24.0,234.0,9.0,45.0,1500.0,0.4,6.2,0.02,7.3,0.03,2739.0,LAKE,0
-3.000159521111945,0.0933448800812556,0.9296233534484404,-2.092391536500006,2.2697085161413484,-0.5210696013444277,356.0,10.0,4.8,24.0,212.0,16.0,45.0,1500.0,3.2,5.4,0.03,8.1,0.04,2740.0,LAKE,0
-2.206746594468775,-0.1430340220982317,-0.5460675209949523,-1.4424262232389686,2.633323943225528,-0.4367492367930808,356.0,15.0,5.6,23.0,224.0,8.0,45.0,1500.0,4.0,5.2,0.04,8.2,0.05,2741.0,LAKE,0
-2.6454057511957094,0.1111591629607726,0.8866250362523274,-1.8895809859618604,0.4271241578581436,-0.193650420552357,356.0,11.0,3.1,26.0,250.0,15.0,45.0,1500.0,2.4,6.2,0.51,7.3,2.61,3251.0,LAKE,0
-2.067196269401552,-0.0747097962852637,0.2962107924941572,-0.2429970583456383,0.3732967893757659,0.2021455001743524,356.0,18.0,3.3,29.0,234.0,11.0,45.0,1500.0,2.0,5.5,0.51,7.4,2.61,3252.0,LAKE,0
-1.5383142372150354,-0.2398227393804135,-0.1106329615365999,-0.6268352833436823,0.4444580189845551,-0.283651219045494,356.0,18.0,5.6,27.0,284.0,9.0,45.0,1500.0,3.0,4.5,0.51,7.3,2.61,3253.0,LAKE,0
-1.5749451753194,-0.1444065536436999,0.1766923698676028,-0.1101239695942551,-0.1988639377589147,-0.2413069062937357,356.0,19.0,3.2,29.0,239.0,10.0,45.0,1500.0,2.2,3.7,0.51,7.1,2.61,3254.0,LAKE,0
-2.239669367828767,0.0166669463667418,1.1403795963049446,-0.8296809674148952,-0.3644270031270412,-0.2998377692098385,356.0,14.0,3.3,29.0,377.0,15.0,45.0,1500.0,1.0,3.7,0.51,7.1,2.61,3256.0,LAKE,0
-1.445386793920051,-0.2912498715473338,-0.0386931716679486,-0.3131447346857996,0.453005582392876,-0.2263356862273632,356.0,19.0,5.3,28.0,359.0,9.0,45.0,1500.0,3.2,4.6,0.51,7.3,2.61,3257.0,LAKE,0
-1.624969148174782,-0.1691038761927487,-0.5572007499753705,0.1158053544176093,0.3459967229593931,0.1733575437057754,356.0,21.0,4.8,28.0,305.0,7.0,45.0,1500.0,1.6,4.8,0.51,7.4,2.61,3258.0,LAKE,0
-1.771645505311538,-0.0758768856368232,0.1155968095062246,-0.1022651590288055,0.0245348814684095,-0.0233582077558365,356.0,19.0,4.6,29.0,281.0,10.0,45.0,1500.0,2.0,5.0,0.51,7.2,2.61,3259.0,LAKE,0
-2.272581013007987,-0.0522002109206306,-0.0269221803485508,-0.3867173909219514,0.7935286471208024,0.4724067433491742,356.0,18.0,2.5,28.0,210.0,10.0,45.0,1500.0,2.0,6.5,0.51,7.6,2.61,3260.0,LAKE,0
-1.6110973003577858,-0.5122243052259037,-0.1875687660089628,-0.0346599598050952,1.341866930696942,0.2892760217476047,356.0,20.0,4.2,28.0,258.0,8.0,45.0,1500.0,2.6,3.9,0.51,7.9,2.61,3261.0,LAKE,0
-2.009317161324824,-0.0668101110793372,-0.4276492080596075,0.0019235338474558,0.4005268284963791,0.4124663805162314,356.0,20.0,2.8,28.0,241.0,8.0,45.0,1500.0,1.0,5.2,0.51,7.5,2.61,3262.0,LAKE,0
-2.6236560447376274,0.1354888226717842,0.3873744175433672,-1.7076855618753042,-0.0336024394014662,-0.1613126578474659,356.0,12.0,1.5,25.0,281.0,13.0,45.0,1500.0,0.1,3.9,0.51,7.3,2.61,3263.0,LAKE,0
-1.9671394738801649,0.100738890668087,-0.6284410038676072,-0.931135265966628,-0.3884228635786254,-0.2138829797900085,356.0,17.0,3.1,25.0,269.0,8.0,45.0,1500.0,0.1,3.6,0.51,7.1,2.61,3264.0,LAKE,0
-1.3605233918124948,-0.1390748361741678,-1.41207210124199,-0.719975679643137,0.18145462802868,-0.2751831440423369,356.0,20.0,4.1,24.0,278.0,4.0,45.0,1500.0,2.0,4.1,0.51,7.2,2.61,3265.0,LAKE,0
-2.0534042444691116,0.1191536477441771,-1.2959588119180894,-1.8745730884205296,-0.0898549005624767,-0.3572545773488212,356.0,15.0,2.2,21.0,180.0,6.0,45.0,1500.0,0.1,3.3,0.51,7.2,2.61,3266.0,LAKE,0
-2.289715424366569,-0.0613701771702984,0.3105750677517239,0.1647940497966129,0.5082337641898326,0.5855766233598764,356.0,19.0,2.6,30.0,227.0,11.0,45.0,1500.0,1.0,5.6,0.51,7.6,2.61,4040.0,LAKE,0
-0.8481298593157937,-0.5861928210787004,1.6152240671613722,-0.9710528300697248,-0.0534240702659794,-1.495696124399718,356.0,14.0,16.9,29.0,686.0,15.0,45.0,1500.0,3.2,0.9,0.51,7.0,2.61,4041.0,LAKE,0
-0.7271099798480801,-0.7100001611666608,1.682216278313322,-0.9783100238477058,0.1843857094707345,-1.5441701219298516,356.0,14.0,17.4,29.0,708.0,15.0,45.0,1500.0,3.6,0.5,0.51,7.1,2.61,4042.0,LAKE,0
-2.0511656769022832,-0.2067346403731433,0.9146640311288206,-1.2824392101955255,0.1320081271779824,-0.4810581073473443,356.0,13.0,3.6,27.0,528.0,14.0,45.0,1500.0,1.4,2.7,0.51,7.3,2.61,4043.0,LAKE,0
-1.774774777613023,-0.1856573785646882,1.1155459317546694,-0.3754654071325207,-0.325191567109223,-0.4407682787118921,356.0,16.0,4.5,30.0,417.0,14.0,45.0,1500.0,1.6,2.7,0.51,7.1,2.61,4044.0,LAKE,0
-1.1569200886172488,-0.4785280884327172,0.8137567956816736,-0.3906338175401271,-0.208005530637281,-0.835205894685,356.0,17.0,4.9,29.0,520.0,12.0,45.0,1500.0,2.4,0.7,0.51,7.1,2.61,4045.0,LAKE,0
-0.7338221812445829,-0.6171203770333032,0.4805960913063201,-0.1374818328891521,-0.0261856482590263,-0.932475611784399,356.0,19.0,6.4,29.0,505.0,10.0,45.0,1500.0,3.4,0.7,0.51,7.1,2.61,4046.0,LAKE,0
-0.7691672509884633,-0.563612167079646,0.3492266220568023,-0.8301118877430819,-0.0089436909269451,-1.1816356246874515,356.0,17.0,6.2,27.0,493.0,10.0,45.0,1500.0,4.0,1.0,0.51,7.0,2.61,4047.0,LAKE,0
-0.7057069280283415,-0.386129203709786,-0.9775254820371349,-0.9089396520874844,-0.0743686253210483,-1.046084352526935,356.0,19.0,10.4,24.0,499.0,5.0,45.0,1500.0,2.4,1.8,0.51,7.0,2.61,4048.0,LAKE,0
-1.1305655244512458,-0.0741415088800227,-2.316289518788254,-1.8287439815645,-0.0747938683605524,-0.8477882423625371,356.0,18.0,5.8,19.0,241.0,1.0,45.0,1500.0,1.6,2.8,0.51,7.0,2.61,4049.0,LAKE,0
-0.5897156911687248,-0.4528575471552299,-2.1332666186237828,-2.430830811056004,0.8917557233246355,-1.2925930697391017,356.0,16.0,5.8,18.5,260.0,0.0,45.0,1500.0,5.8,3.5,0.51,7.1,2.61,4050.0,LAKE,0
-2.8906721695005846,0.0826238024989062,1.8205932201491115,0.0085864323776212,0.2063316708120061,0.5850563277126813,356.0,15.0,1.5,33.0,790.0,18.0,45.0,1500.0,0.9,7.4,0.51,7.4,2.61,2394.0,LAKE,0
-2.940726415165955,-0.08402103837881,1.8109276627424615,-0.2664978453913,-0.1539023795929816,1.2849276018152789,356.0,15.0,1.1,33.0,162.0,18.0,45.0,1500.0,0.7,7.2,1.28,7.4,1.76,2398.0,LAKE,0
-2.1815304518192873,0.2531428873749631,0.5288467909879271,-0.5580631649693052,-0.8578497657829501,-0.2407624010102201,356.0,16.0,2.8,29.0,790.0,13.0,45.0,1500.0,1.1,6.4,0.51,6.7,2.61,2402.0,LAKE,0
-2.2293963969756065,0.0742059672506456,2.383386607000239,0.2694466093354009,0.110552170890178,0.0232098612632028,356.0,16.0,18.8,35.0,318.0,19.0,45.0,1500.0,2.1,8.0,0.51,7.2,2.61,2393.0,POND,0
-2.7587656226333026,-0.5095315305405219,3.2637651891033377,0.6508375049232135,1.4610695397141429,0.8335140341963507,356.0,15.0,2.6,37.0,312.0,22.0,45.0,1500.0,2.2,4.5,0.51,8.2,2.61,4491.0,POND,0
-0.8102604396731781,-0.7961273006748903,2.2756687047065283,-0.4031762013888865,0.4850360584790361,-1.2466802307034424,356.0,15.0,15.1,32.0,790.0,17.0,45.0,1500.0,4.8,1.8,0.51,7.2,2.61,4740.0,POND,0
-0.4371894780579986,-0.9451517259756768,2.045367784399534,-1.0286895245560306,0.759343332729445,-1.680951764996557,356.0,14.0,14.0,30.0,790.0,16.0,45.0,1500.0,7.05,1.8,0.51,7.1,2.61,4741.0,POND,0
2.8199135388679952,2.5044446447697357,-0.5020310070567214,-0.1491598183612233,0.7894588538851652,0.0107446747163607,10678.0,25.0,35.8,27.0,479.0,2.0,766.0,31301.25,3.0,3.4,0.5,7.0,4.31,1388.0,LAKE,0
0.6254270759599774,-1.42548594618797,-0.3646743046034657,-0.445327720664893,0.2210374740559691,1.636093940114853,1200.0,23.0,5.8,28.0,891.0,5.0,330.0,4300.0,3.0,2.0,2.3000000000000003,7.5,7.5,1446.0,LAKE,0
-0.8044882759776204,0.3673593463477833,0.0405360610684819,-0.0455223968761594,1.6951767457781717,1.373392433976744,1700.0,21.0,5.2,29.0,633.0,8.0,580.0,6300.0,2.8,6.0,1.0,7.9,2.8,3583.0,LAKE,0
0.6216806388458407,-0.495211195049947,1.4405939148209166,-0.4419108670385763,0.6130193395443463,2.1698135769024716,2200.0,20.0,7.5,32.0,1270.0,12.0,766.0,7000.0,3.5,4.5,2.3000000000000003,7.5,7.6,3586.0,LAKE,0
-0.1116224017295266,0.3195868558311764,1.2647978495528875,-0.0082997568209004,0.8353222292317929,1.449462278863799,2100.0,20.0,6.0,32.0,978.0,12.0,766.0,6300.0,3.0,5.2,1.2,7.5,6.5,3587.0,LAKE,0
1.93025548683864,3.026840955885066,0.4763417029569654,0.5165251987369291,-0.0037885634127109,-0.0070139830794817,10678.0,24.0,17.0,31.0,723.0,7.0,766.0,31301.25,3.4,4.1,0.01,6.6,4.0,3591.0,LAKE,0
1.6867673627890831,2.683513660016441,0.2451800857379379,0.4037841371066556,1.1381065012450284,0.7362423284181437,10678.0,24.0,16.0,30.0,725.0,6.0,766.0,31301.25,3.0,4.0,0.31,7.3,3.2,3592.0,LAKE,0
2.42518128952946,2.5036939733616066,-0.6727647145044094,-0.1702464360746323,0.643666789047105,0.5635187259778457,10678.0,25.0,25.0,27.0,500.0,2.0,766.0,31301.25,3.0,3.5,0.9,7.0,2.35,3593.0,LAKE,0
4.2633047935273165,0.986020239893678,0.3053179641313801,-0.3357112242580384,-1.224681262616185,0.9834478306877232,10678.0,25.0,32.0,29.0,2107.0,4.0,766.0,31301.25,0.5,0.3,1.61,6.5,14.855000000000002,3602.0,LAKE,0
4.257123836759029,1.219212885149717,0.3363579801652589,-0.3629600945031159,-0.6131171443108286,0.4171076154771888,10678.0,25.0,35.8,29.0,1520.0,4.0,766.0,31301.25,3.0,0.3,1.85,6.5,7.6,3608.0,LAKE,0
3.493730553655292,1.1048000965731746,-0.119453816337314,-0.0831084129146103,-0.3676979712875718,-0.621246236880617,10678.0,25.0,31.0,28.0,1386.0,3.0,330.0,31301.25,3.5,0.5,0.51,6.6,10.0,3609.0,LAKE,0
4.306367200797997,1.2182780807518936,0.940089129126204,-0.1256939049405603,0.830601249436424,-0.5185720972595869,10678.0,24.0,35.8,30.0,2050.0,6.0,766.0,31301.25,6.0,0.5,1.2,6.8,4.56,3610.0,LAKE,0
3.0085722038189844,1.8785702991071809,-0.0166540104410119,0.1337261190247123,0.4120446289177424,0.5969192374168907,10678.0,25.0,20.0,29.0,1961.0,4.0,766.0,31301.25,3.0,3.4,0.6,6.9,9.0,3611.0,LAKE,0
2.6454486068781637,2.188225581881605,-0.4007308041788383,-0.125868664035857,0.1238732334009729,0.8226380518825928,10678.0,25.0,15.0,28.0,1103.0,3.0,766.0,31301.25,3.4,3.7,0.72,6.8,8.0,3612.0,LAKE,0
2.171959141633125,2.3276059589053006,-1.5952155791975664,-0.838657513765419,-0.265631625018834,1.66393087932854,10678.0,25.0,4.0,25.0,1101.0,0.0,766.0,31301.25,4.0,6.1,1.9,6.5,1.9,3613.0,LAKE,0
1.7722613085847947,1.8629680291845212,-0.7554928512836618,0.1904010935440749,-0.2369545003711822,0.4491286110386142,10678.0,25.0,9.0,28.0,1410.0,3.0,330.0,31301.25,2.7,3.8,0.65,6.7,4.5,3614.0,LAKE,0
3.8416816106018,1.7087023504083414,-0.1172397798127952,-0.2408870390020349,-0.1460929883537859,0.00687105958517,10678.0,25.0,35.8,28.0,1961.0,3.0,766.0,31301.25,3.0,2.6,1.2,6.5,6.5,3615.0,LAKE,0
2.5017065665822744,1.3489536958488682,-0.2237298702576612,0.007774750625071,-0.7075361946572278,0.6453067216673024,10678.0,25.0,13.0,29.0,1338.0,4.0,340.0,31301.25,3.1,3.4,0.64,6.6,12.0,3616.0,LAKE,0
2.206758173524576,2.59262412376044,-0.6602972305951118,0.0362804123527116,-0.3449829160574189,0.7148661011057339,10678.0,25.0,11.0,28.0,1343.0,3.0,766.0,31301.25,2.6,4.0,1.0,6.5,2.4,3617.0,LAKE,0
2.3745958446962265,2.43147446379421,-0.3249827889294366,0.2543282311443763,-0.448587654065596,0.1101947667090434,10678.0,25.0,20.0,29.0,1472.0,4.0,630.0,31301.25,2.6,4.1,0.7,6.4,3.21,3618.0,LAKE,0
3.18450250178186,1.9061815856504016,-0.317508961458279,-0.0352764411239429,-0.5260501058613003,-0.2111460345252926,10678.0,25.0,24.0,28.0,1482.0,3.0,630.0,31301.25,3.0,1.0,1.06,6.4,3.3,3620.0,LAKE,0
3.697787117789505,1.0585260687465594,0.2817916872776505,-0.072752365645753,-0.3248006795122552,-0.3444760611009619,10678.0,25.0,35.8,29.0,1069.0,4.0,410.0,31301.25,3.4,0.3,0.71,6.7,11.0,3621.0,LAKE,0
2.738833440609216,1.8541798792539377,-0.029187839962418,-0.0466295916640438,-2.1974327885669127,0.4359115956560573,10678.0,25.0,13.0,30.0,1100.0,5.0,460.0,31301.25,3.0,3.8,0.84,5.800000000000001,12.0,3624.0,LAKE,0
2.497490839361567,2.954546093433681,-0.5687183111171019,0.0311121300199518,-1.4755637713193774,-0.0751337651579168,10678.0,25.0,15.0,28.0,702.0,3.0,766.0,31301.25,2.0,2.4,0.4,6.0,5.89,3625.0,LAKE,0
4.108452708118344,1.4311951515512416,0.8933439732235753,0.0027311412254284,0.0194979719769416,-0.6316094012283628,10678.0,25.0,35.8,31.0,1160.0,6.0,630.0,31301.25,7.0,2.3,0.9,6.4,7.32,3627.0,LAKE,0
2.4729354479753387,2.6922625675124703,0.0422156752040403,0.4250281792299399,-0.4484820260680718,0.019771860893039,10678.0,25.0,17.0,30.0,1184.0,5.0,766.0,31301.25,3.0,3.0,0.46,6.4,3.77,3628.0,LAKE,0
2.532131965683355,0.8535244106248914,-1.3620299470345802,-1.034914687010707,0.782169131042578,1.475464541138647,4600.0,25.0,7.0,25.0,1264.0,0.0,766.0,31301.25,7.0,5.3,2.3000000000000003,6.9,2.4,3644.0,LAKE,0
0.6608006148849065,2.4670537911396693,-1.8746964535532575,-0.2149613487679002,0.1036172034330484,0.3107264009956887,4100.0,25.0,4.0,25.0,182.0,0.0,766.0,24000.0,4.0,6.3,0.46,6.6,0.46,3645.0,LAKE,0
1.9404478421094595,1.9206866259219983,-0.0551865946262724,-0.4612108830499217,0.9161538696253968,1.8388768319397393,10678.0,23.0,8.0,28.0,924.0,5.0,766.0,31301.25,3.0,3.4,1.4,7.4,5.2,3646.0,LAKE,0
0.7757535748739215,2.6899921635337054,1.6071834547075945,-0.1246065892802742,-1.2901286274697306,-0.3587672950455428,10678.0,18.0,8.0,32.0,1612.0,14.0,390.0,31301.25,2.0,4.5,0.12,6.1,3.83,3649.0,LAKE,0
-0.879204230698481,-0.0193679265541426,-0.3718814163822014,0.904354191679934,1.8891967282936823,1.249121892769931,920.0,24.0,9.9,30.0,1200.0,6.0,500.0,1600.0,1.1,6.1,0.61,8.1,3.96,3679.0,LAKE,0
-1.4190633611447545,0.2983273281723806,-1.2635512096535146,-0.0784437756321325,1.0686656053428083,0.8901567003834301,920.0,22.0,4.7,26.0,456.0,4.0,350.0,1600.0,1.0,6.3,0.52,7.7,3.76,3680.0,LAKE,0
-1.1892338339027773,-0.457162605765418,-1.7666781392522262,0.2159851795629436,0.8806293940611732,0.1514277493038414,120.0,24.0,4.3,26.0,790.0,2.0,9.0,788.0,3.3,6.5,0.69,7.4,0.99,3685.0,LAKE,0
4.905952378283273,1.0333284651522652,2.608060944099036,0.6183516487170799,-1.72874042218749,-0.6230391481046016,10678.0,24.0,35.8,36.0,2887.0,12.0,766.0,31301.25,4.0,0.2,0.87,5.800000000000001,14.855000000000002,4094.0,LAKE,0
4.533815402272213,1.2942450384496051,1.1712854199352205,0.090819017224202,-1.4889234251308785,-0.0791794697487411,10678.0,25.0,35.8,32.0,1954.0,7.0,766.0,31301.25,3.3,0.6,1.4,6.0,11.0,4095.0,LAKE,0
4.057805782421138,1.232473811138154,2.5772888683609088,0.6666375904770432,-0.8112748435118142,0.1761771646014667,10678.0,24.0,30.0,36.0,1572.0,12.0,766.0,31301.25,4.0,0.1,0.72,6.5,14.855000000000002,4096.0,LAKE,0
3.737009329230806,0.535552065165093,2.7115891942471477,0.927812568666484,-0.8316813551400927,0.5500030964929395,10678.0,24.0,35.8,37.0,2278.0,13.0,490.0,31301.25,2.0,0.5,1.3,6.7,13.0,4097.0,LAKE,0
2.510417196052166,2.2020475063146456,0.3564083786309477,-0.0594936663715661,-0.6672369148647046,1.0072453175260878,10678.0,24.0,9.0,30.0,920.0,6.0,766.0,31301.25,3.0,3.5,0.34,6.6,14.0,4504.0,LAKE,0
3.889518448489135,1.732920799259286,0.4333997934967873,0.025554507792307,-0.8652759216970706,-0.1948776713145934,10678.0,25.0,35.0,30.0,2047.0,5.0,700.0,31301.25,3.0,4.0,0.33,6.2,14.855000000000002,4505.0,LAKE,0
3.5571029920422736,1.230823219225126,1.5172802700271373,0.2157307847982151,-0.7639485683037855,0.5449505232010247,10678.0,24.0,11.0,33.0,1553.0,9.0,700.0,31301.25,5.0,0.4,0.8,6.5,14.0,4506.0,LAKE,0
2.0736492792827517,2.432685153556979,0.1366190224260314,0.5608022608679856,-1.4925150498997004,0.0135974772929597,10678.0,25.0,16.0,31.0,945.0,6.0,480.0,31301.25,2.0,3.2,0.48,6.1,5.6,4507.0,LAKE,0
4.339147410574065,1.118833768970854,0.913524774122946,-0.0155772717252862,-0.9474517025362956,0.3946258415565809,10678.0,25.0,30.0,31.0,1954.0,6.0,766.0,31301.25,3.0,0.5,1.2,6.4,13.9,4508.0,LAKE,0
1.772322819940496,3.108232631190582,0.2428132789138796,0.331546242364496,-1.597367622153144,0.5347104464684531,10678.0,24.0,8.0,31.0,741.0,7.0,766.0,31301.25,2.0,4.0,0.68,6.0,4.0,4509.0,LAKE,0
3.4105261205940884,1.977318867681406,0.6880591160483361,0.3295124768975806,0.0025440533609172,-0.0909834290651713,10678.0,25.0,30.0,31.0,1368.0,6.0,766.0,31301.25,4.0,2.1,0.77,6.6,6.0,4510.0,LAKE,0
2.182918815922747,2.5597284074811424,-0.7077911883374041,0.2652989625740628,-0.7692000954688573,-0.7183190481968902,10678.0,25.0,10.0,28.0,1405.0,3.0,480.0,31301.25,4.0,3.4,0.03,6.1,3.4,4514.0,LAKE,0
2.9333109099122767,2.2067305700314583,-0.3483994126767539,-0.1034278610688911,0.1773992586789438,0.1441967627506335,10678.0,25.0,15.0,28.0,1164.0,3.0,766.0,31301.25,5.0,2.4,0.9,6.6,3.08,4515.0,LAKE,0
1.5409792226822705,2.3584563422114604,-1.047881504343115,-0.0286975219894845,0.94362377996291,0.1333301138647675,10678.0,24.0,10.0,26.0,1405.0,2.0,480.0,31301.25,3.0,4.2,0.03,7.1,3.3,4516.0,LAKE,0
2.9095146307490647,2.3528536739652135,-0.7618183074166861,-0.4758273393483465,-1.2707162848858098,0.5983903628174841,10678.0,25.0,15.0,27.0,928.0,2.0,766.0,31301.25,3.0,3.2,1.2,6.1,6.71,4517.0,LAKE,0
3.143137603304236,2.1106662108640304,-0.8467699167512699,-0.5111089517585704,-0.5780928766199888,0.0785834528775096,10678.0,25.0,15.0,26.0,885.0,1.0,700.0,31301.25,4.0,2.0,0.48,6.4,10.0,4518.0,LAKE,0
4.637850938243315,0.7853772698604895,0.2776039088951856,-0.992528903915295,0.7632441745023667,0.2800389351447389,10678.0,24.0,35.8,27.0,1309.0,3.0,766.0,31301.25,6.0,0.5,1.5,7.0,11.0,4520.0,LAKE,0
2.015161525789533,2.326113292442902,-0.3478573825361044,0.4851471626868566,-0.1140780694612218,-0.3189233201674898,10678.0,25.0,14.0,29.0,1228.0,4.0,460.0,31301.25,3.2,2.8,0.13,6.6,3.3,4521.0,LAKE,0
3.154206199419998,1.765148263777617,0.2837270692530413,-0.1766613968033455,-0.160573669507519,0.461308121651926,10678.0,24.0,12.0,29.0,1415.0,5.0,766.0,31301.25,4.0,1.0,0.7,6.7,10.0,4524.0,LAKE,0
4.949586675841572,0.994638522809196,0.8844831683174933,-0.3893937076235651,0.7557371000282486,-0.945467194479682,10678.0,24.0,35.8,29.0,2293.0,5.0,766.0,31301.25,7.05,1.0,0.19,6.7,14.855000000000002,4525.0,LAKE,0
2.210849561725657,2.363129258135721,-0.5957812266918712,0.024227904831069,0.1999399753950126,0.9589093752286364,10678.0,25.0,10.0,28.0,1330.0,3.0,766.0,31301.25,3.0,3.6,1.15,6.8,1.9,4529.0,LAKE,0
3.298319788448612,0.0914940017536078,0.4749722764475077,-0.9647800749622266,-0.5314633433122347,2.1687988846929835,10678.0,23.0,9.0,29.0,1883.0,6.0,460.0,31301.25,4.0,2.4,2.3000000000000003,6.9,14.855000000000002,4533.0,LAKE,0
1.4942056886859196,3.1801623837522257,0.2620138964063915,0.8184632378270158,-1.0046518397790245,0.7103296268144123,10678.0,25.0,5.0,32.0,871.0,7.0,766.0,31301.25,2.0,4.7,0.3,6.3,4.47,4534.0,LAKE,0
2.1077372931472595,1.9336936859900025,1.604963168124255,-0.2165400289593163,-0.9566820962982948,0.101653962625316,10678.0,20.0,16.0,32.0,1648.0,12.0,540.0,31301.25,3.0,2.4,1.09,6.3,4.1,4536.0,LAKE,0
1.500714324313403,2.9233130425305354,0.5504696904629983,0.4642225867725572,-0.6406257984947231,1.0685760584766884,10678.0,24.0,5.0,32.0,593.0,8.0,766.0,31301.25,3.0,5.0,0.61,6.5,5.0,4537.0,LAKE,0
3.7710616194287496,1.301764493540663,2.7570606101935855,0.9654131790350756,-1.5270555626801412,-0.4309689551164137,10678.0,23.0,35.8,37.0,3008.0,14.0,630.0,31301.25,2.0,1.0,1.11,6.0,8.11,4538.0,LAKE,0
4.461184018690331,0.7998383345018355,2.3582076980065447,0.3600606904813329,-0.9478322233980182,0.5364599462857076,10678.0,24.0,35.8,35.0,2086.0,11.0,766.0,31301.25,3.0,0.1,1.39,6.5,14.855000000000002,4539.0,LAKE,0
4.140212772958501,1.3762766968268465,1.291298986659224,-0.146030176205486,-1.2829014281246869,0.25279992683318,10678.0,24.0,35.8,32.0,1553.0,8.0,766.0,31301.25,3.6,1.0,2.0,6.1,6.32,4540.0,LAKE,0
2.4777594393070523,1.648273292826752,-0.4708747943777138,0.0234605135101606,0.1278358620218517,0.2878739130678424,10678.0,25.0,13.0,28.0,1254.0,3.0,460.0,31301.25,4.0,1.9,0.97,6.8,3.4,4542.0,LAKE,0
3.0520791219519343,1.89316331797165,0.0092579584839005,-0.1788008898304036,-0.2807277362268522,0.984447578121597,10678.0,25.0,18.0,29.0,1104.0,4.0,766.0,31301.25,3.4,3.8,0.68,6.7,13.2,4543.0,LAKE,0
3.0904474995185467,2.4103310389309227,-0.2239482506001862,0.0243984313521069,0.4860225262233774,-0.4278850333947934,10678.0,25.0,30.0,28.0,1000.0,3.0,766.0,31301.25,4.2,2.6,0.47,6.7,3.3,4544.0,LAKE,0
3.216109607772686,0.5439173271920851,-0.8853710573721859,-0.147092206097561,0.566147689061347,2.348077515061899,7900.0,28.0,16.0,28.0,1197.0,0.0,700.0,31301.25,4.0,3.5,2.3000000000000003,7.3,9.0,4545.0,LAKE,0
3.3242492685718426,1.599512321449757,-0.1494317919028385,-0.2737792442956075,-0.1383119877476603,0.7837427373091159,10678.0,25.0,10.0,28.0,1236.0,3.0,766.0,31301.25,4.0,1.0,0.67,6.8,13.0,4546.0,LAKE,0
2.070583590603202,2.4369078203224226,-0.5661277202184585,0.0527585439091468,0.7152015464242952,0.9207114520614472,10678.0,25.0,8.0,28.0,1066.0,3.0,766.0,31301.25,4.0,4.1,0.78,7.0,3.0,4547.0,LAKE,0
-1.4691412745814902,0.9356526856904708,-0.3460603252543702,-0.034734190120135,0.5865771454469493,-0.2837998308738969,1100.0,20.0,6.0,28.0,418.0,8.0,350.0,3500.0,3.0,6.8,0.1,7.1,0.3,3559.0,TANK,0
3.3696314803977088,1.3182710016176746,0.8715247708369482,0.5555415299566934,4.311841227773905,-0.4755727027785922,10678.0,24.0,35.8,30.0,3142.0,6.0,766.0,31301.25,7.05,3.8,0.1,8.2,1.25,3560.0,TANK,0
-1.1745358158455963,0.9977406234565672,-0.1605595564291604,-0.0773264332984868,1.6115030386526403,0.0068821335932513,1100.0,20.0,6.0,28.0,521.0,8.0,580.0,3500.0,4.0,6.8,0.1,7.5,0.3,3561.0,TANK,0
-1.1078405052650953,0.3908437589904942,-0.8337234920667336,1.7217422781416047,-1.079905194881435,-0.2872199557494805,1600.0,27.0,3.0,32.0,166.0,5.0,2.0,1600.0,2.0,5.3,0.08,6.6,2.49,3565.0,TANK,0
0.3588951676701705,0.2727908984243392,-0.600576316277841,-0.8768427530589193,0.4866496897463789,1.055010988459358,1300.0,21.0,7.2,26.0,868.0,5.0,766.0,6300.0,3.0,4.5,1.5,7.2,5.0,3588.0,TANK,0
2.275148755158725,2.5193126912807093,-0.6588006538138902,0.0471596049955271,-0.2289291862181311,0.6801620026032574,10678.0,25.0,9.0,28.0,1661.0,3.0,766.0,31301.25,3.0,4.5,0.83,6.5,3.8,3589.0,TANK,0
1.1656088398869011,2.1077151407919033,-0.016171440395664,0.4634446951094548,0.2370020431572534,0.081974541201946,10678.0,24.0,9.0,30.0,592.0,6.0,230.0,31301.25,4.0,4.0,0.12,6.9,3.31,3590.0,TANK,0
1.4522622383411956,2.2315283496880345,-1.1081298245995777,0.0975194918771647,-0.6263750650559657,-0.0545817356730545,10678.0,25.0,8.0,27.0,570.0,2.0,230.0,31301.25,3.0,3.6,0.18,6.5,4.59,3594.0,TANK,0
4.003355854349091,2.2557598481797556,-0.0802990309546075,-0.0734723634309913,-0.7612106263483509,-1.3275115197961125,10678.0,25.0,35.8,28.0,1469.0,3.0,766.0,31301.25,4.0,0.5,0.58,6.0,4.0,3595.0,TANK,0
1.558225451540026,3.355371679216384,-0.2208579269705339,-0.4258810564928096,-1.6594761540943632,-0.1286868512936835,10678.0,22.0,6.0,28.0,415.0,6.0,700.0,31301.25,3.0,4.0,0.41,5.800000000000001,2.89,3596.0,TANK,0
3.206525778590352,2.123785373967476,1.6283242488435177,0.8224654960955566,-0.8645699072350723,-0.3091525514381033,10678.0,24.0,31.0,34.0,1852.0,10.0,766.0,31301.25,2.0,0.9,0.82,6.3,4.5,3597.0,TANK,0
2.806275701769597,1.809595638089554,2.4052619847244623,0.7271906352129489,-0.1313021000279706,0.3961526969443715,10678.0,23.0,29.0,36.0,1228.0,13.0,700.0,31301.25,4.0,2.5,1.15,6.7,4.7,3598.0,TANK,0
2.190815446974956,1.074618605428481,1.753418222873699,0.6834166896028749,-1.3427726175115122,-0.1597606996566879,10678.0,23.0,20.0,35.0,1594.0,12.0,79.0,31301.25,4.0,3.0,1.0,6.2,5.9,3599.0,TANK,0
4.5409689622919105,0.8017001389181758,1.5950343166293226,0.1322911232946154,-0.5223555559348715,0.612086208135173,10678.0,25.0,35.8,33.0,1791.0,8.0,766.0,31301.25,4.0,0.5,1.66,6.6,12.2,3603.0,TANK,0
2.5964221221887676,2.586395034697556,-1.4290464562927383,-0.7512415094352549,-0.5588222853935433,0.5040282964699384,10678.0,25.0,8.0,25.0,791.0,0.0,766.0,31301.25,5.0,4.6,1.1,6.2,3.61,3604.0,TANK,0
4.994542750551161,0.8561971576066801,0.2456078638153497,-0.6910506888546545,-0.8545332486878633,0.1161310179958009,10678.0,25.0,35.8,28.0,1988.0,3.0,766.0,31301.25,4.0,0.5,1.4,6.3,14.855000000000002,3605.0,TANK,0
3.129937778146434,1.6293734919481702,1.3669556624040673,0.3616880223233127,-1.2227731817511256,0.606532859931843,10678.0,24.0,13.0,33.0,1354.0,9.0,700.0,31301.25,3.0,0.6,0.73,6.4,13.0,3606.0,TANK,0
4.445138118706478,1.7631877265167537,0.0202212739612136,-0.2461025460520029,-0.880657552695662,-1.0118808953048164,10678.0,25.0,35.8,28.0,1973.0,3.0,766.0,31301.25,4.0,0.5,0.83,6.0,7.4,3607.0,TANK,0
3.1854154813122246,1.453444590689808,-0.2770972544200969,-0.0617954407725219,-0.4972588909910099,-0.3504206856458574,10678.0,25.0,29.0,28.0,1478.0,3.0,400.0,31301.25,3.0,2.0,0.6,6.5,8.73,3619.0,TANK,0
3.0014590426167405,1.2552811629527303,0.0890831147043797,0.3076027623365808,-0.5499425505282032,0.3715635989975895,10678.0,25.0,22.0,30.0,2770.0,5.0,460.0,31301.25,2.0,3.3,1.1,6.5,7.46,3623.0,TANK,0
2.285637204809821,1.280530443183632,0.5404366648046135,0.6550143067780589,-1.070494186300073,-0.1438011842291963,10678.0,25.0,21.0,32.0,1185.0,7.0,120.0,31301.25,3.0,2.1,0.8,6.4,5.8,3626.0,TANK,0
2.518764386813916,2.055816769084437,0.1387896904942923,0.3084602991827795,0.6540275591733762,0.8243965488415846,10678.0,25.0,13.0,30.0,1445.0,5.0,766.0,31301.25,4.0,3.0,1.0,7.0,3.3,3629.0,TANK,0
3.892594351832052,1.9692468915701804,0.689381139216435,0.1791683884955368,-1.7281748793666858,-0.3139427343668314,10678.0,25.0,35.0,31.0,1443.0,6.0,766.0,31301.25,2.0,0.5,1.22,5.9,6.9,3630.0,TANK,0
4.387445766569306,1.2788458023425102,-0.3422443260874854,-0.5413521271352351,-0.0941145126793176,-1.190594857771077,10678.0,24.0,35.8,26.0,2880.0,2.0,630.0,31301.25,4.0,0.5,0.9,6.3,5.74,3632.0,TANK,0
3.2982259978067283,1.3409667328392816,1.3740609348458213,0.5571418169301017,-0.6815189598977031,0.5718961029976256,10678.0,25.0,28.0,34.0,1853.0,9.0,580.0,31301.25,4.0,3.8,1.4,6.4,7.72,3633.0,TANK,0
1.604375810580464,2.1312377364522863,1.3620401239754454,1.2480919039682303,-0.5975061799892225,0.3126738488877302,10678.0,24.0,9.0,35.0,1936.0,11.0,460.0,31301.25,2.6,3.5,0.61,6.5,2.18,3634.0,TANK,0
4.387182333849579,0.6959513087557982,1.5887428637629173,-1.492970811254699,-0.3081813512704957,0.4545299387956906,10678.0,20.0,35.8,29.0,1570.0,9.0,766.0,31301.25,5.0,0.3,2.1,6.6,11.0,3635.0,TANK,0
3.824703688903347,1.0287052331768662,0.4177184779009162,-0.7382204894184683,-0.9726603357153442,1.338541559041201,10678.0,24.0,15.0,29.0,1276.0,5.0,766.0,31301.25,4.0,0.5,2.0,6.5,11.7,3636.0,TANK,0
3.5719187709467186,2.2403029015550056,-0.6784355586246417,-0.2760385238132344,0.1009212773634305,-0.8409176197484477,10678.0,25.0,28.0,26.0,1330.0,1.0,766.0,31301.25,4.0,0.9,0.32,6.5,5.4,3637.0,TANK,0
1.133082901467054,2.8967055683753755,0.1898700998404706,0.6144548938385733,-0.5402715721015147,0.11374816686051,10678.0,24.0,8.0,31.0,400.0,7.0,480.0,31301.25,3.0,4.3,0.02,6.5,3.1,3638.0,TANK,0
2.710852314378215,2.18535675735023,0.3268475901662102,0.156295503883808,-0.3516110787853123,0.3512644566667097,10678.0,24.0,13.0,30.0,1822.0,6.0,766.0,31301.25,3.2,2.8,0.65,6.5,6.81,3639.0,TANK,0
3.2410559306847344,2.1571961483115203,1.8705792821770428,0.9271373083879796,0.2123232165403875,-0.2305443248333688,10678.0,25.0,35.8,35.0,681.0,10.0,766.0,31301.25,5.0,2.5,0.5,6.7,5.78,3640.0,TANK,0
3.341924929418524,2.2442831370218417,2.1160952258554353,0.9533529963287386,-0.248886652444147,-0.8445892912955684,10678.0,24.0,35.8,35.0,990.0,11.0,766.0,31301.25,4.0,0.5,0.19,6.5,6.0,3641.0,TANK,0
2.6318267947101655,1.8492338170884863,-0.8413454569662236,-0.2718077253069814,-0.845777751308016,0.22624311242583,10678.0,25.0,18.0,27.0,1378.0,2.0,460.0,31301.25,3.0,3.6,1.0,6.3,5.9,3642.0,TANK,0
2.687190701921682,2.3519865128619974,-0.444338655332778,-0.3229397966647981,-0.2405959429007705,0.1829023071223263,10678.0,24.0,16.0,27.0,865.0,3.0,766.0,31301.25,3.0,0.8,1.0,6.6,2.5,3643.0,TANK,0
1.4008471702509733,2.577128998739881,0.3512644475318432,0.8823743315280136,-0.6990022567140787,0.3775069644498293,10678.0,25.0,12.0,32.0,415.0,7.0,460.0,31301.25,2.0,3.2,0.29,6.6,4.0,3648.0,TANK,0
2.301286907000424,1.5954289058096207,1.7758670397630238,-0.2037409583069346,-0.6891532639006852,-0.1418952234494207,10678.0,20.0,12.0,32.0,1443.0,12.0,460.0,31301.25,4.0,1.0,0.49,6.5,9.0,3650.0,TANK,0
3.322478693445985,0.5071208758049438,2.393059800357646,-0.8618578380419032,-0.073195350149676,0.2758063243614235,10678.0,19.0,19.0,32.0,1719.0,13.0,460.0,31301.25,6.1,1.0,1.0,6.8,14.855000000000002,3651.0,TANK,0
0.8483729410002789,2.2122507190980434,-0.0101202939392901,0.5692878472372731,-1.5745574878732285,0.083878050069232,10678.0,24.0,8.0,31.0,556.0,7.0,63.0,31301.25,2.0,4.5,0.32,6.2,4.4,3653.0,TANK,0
-0.3720921891185896,0.8220864719529526,-1.791633624184389,0.9716053087482148,1.7219122566179947,0.4314151933195266,680.0,27.0,3.0,27.0,510.0,0.0,680.0,3900.0,3.0,4.6,0.2,7.7,0.2,3656.0,TANK,0
0.8490189003238943,-0.4142059704627447,-0.5326276829191542,0.6144854657630614,2.8137733826510236,0.2143877581649405,930.0,24.0,8.0,28.0,3260.0,4.0,680.0,7900.0,4.0,3.6,0.7,8.0,1.3,3657.0,TANK,0
0.7234439671121248,1.4753638079730382,-0.5839143839941884,0.4974417987416976,1.298413812691472,-0.1362779856556027,3400.0,24.0,6.0,28.0,1190.0,4.0,766.0,17000.0,3.6,2.8,0.13,7.3,0.68,3659.0,TANK,0
-1.1976496325975197,0.6429452716406122,-1.1206020310140965,0.7668393208343478,0.9769008061693804,0.1618949463626142,780.0,24.0,3.0,28.0,530.0,4.0,340.0,4900.0,1.8,4.9,0.14,7.5,0.2,3660.0,TANK,0
-0.5812498214014232,-0.084965169625869,-0.9386579049187622,0.6968254236980574,1.6306062480604029,0.0924558511171539,780.0,24.0,5.0,28.0,1470.0,4.0,320.0,4000.0,3.0,4.7,0.32,7.7,1.4,3661.0,TANK,0
-1.6940291722545204,0.2140756031408961,-0.9935037016507354,0.6650982627422981,1.2489546340662012,0.1644333539878864,260.0,23.0,2.4,28.0,450.0,5.0,170.0,2200.0,2.0,5.3,0.13,7.7,0.26,3662.0,TANK,0
-1.3620132609800957,0.3362020547538826,-1.1791977497485795,0.4915906635047938,1.369289733050895,0.1115430992236434,470.0,23.0,3.0,27.0,620.0,4.0,270.0,3500.0,2.0,4.8,0.14,7.7,0.3,3663.0,TANK,0
-1.1766647624030595,0.3960394066816262,-1.0603536453682336,0.7557679821799594,1.3353816950120203,0.2378946502487213,680.0,24.0,3.0,28.0,480.0,4.0,320.0,4000.0,2.2,4.5,0.2,7.7,0.25,3664.0,TANK,0
-1.345185789940929,0.4014440628836614,-0.8731633494451737,0.6215662618825082,1.5798940356873497,0.3073543800785879,780.0,23.0,3.0,28.0,640.0,5.0,320.0,4000.0,2.2,5.1,0.17,7.8,0.3,3665.0,TANK,0
-1.5539601294576848,0.1189840167205477,-1.1625717899692196,0.8565172507108857,1.4179419670337878,0.1659838827573369,390.0,24.0,3.0,28.0,480.0,4.0,140.0,2800.0,2.0,4.9,0.1,7.8,0.2,3666.0,TANK,0
-1.0375643998041515,0.1257173430324011,-1.0453252627817395,0.798178425904784,1.5641615891692873,0.2755158693999385,700.0,24.0,3.8,28.0,1100.0,4.0,260.0,5400.0,2.0,4.8,0.2,7.8,1.1,3667.0,TANK,0
-1.3907042019216171,0.3215086865055415,-0.9577388284771008,0.6591138123627596,0.993313443974981,-0.0667629775321654,490.0,23.0,3.0,28.0,760.0,5.0,210.0,3500.0,2.0,5.0,0.1,7.5,0.29,3668.0,TANK,0
-1.3726726970997198,0.2624008304623997,-1.4414070717384355,0.6686898843800483,1.1432286869078627,-0.0006587876054403,490.0,24.0,3.0,27.0,560.0,3.0,170.0,3500.0,2.0,4.9,0.1,7.6,0.2,3669.0,TANK,0
-1.1699782352089787,0.4765050391020866,-1.3763392418841398,0.6333050688458143,0.953617894011386,-0.0144870493846952,490.0,24.0,3.0,27.0,460.0,3.0,320.0,2800.0,1.8,4.2,0.13,7.5,0.25,3670.0,TANK,0
-1.4192373701383258,0.3392377317699119,-1.18811434430336,0.7744507470559572,0.915727608274894,0.0898097205920911,400.0,24.0,3.0,28.0,460.0,4.0,210.0,2800.0,2.0,5.2,0.17,7.5,0.24,3671.0,TANK,0
-1.3395125761782398,0.1574959216524232,-1.3929544376561436,0.9561896998885582,0.8696707134273753,0.0286876447860379,260.0,25.0,3.0,28.0,470.0,3.0,170.0,1400.0,2.0,4.8,0.18,7.5,0.23,3672.0,TANK,0
0.4812884174702393,-0.1510670824461046,-0.6319290749460793,0.432236013559285,1.6625261824663706,0.1821146999325934,940.0,24.0,6.0,28.0,1820.0,4.0,610.0,5400.0,4.0,3.0,0.8,7.6,1.6,3673.0,TANK,0
-1.6045201941874112,0.2000150660763031,-1.2204851724902732,0.8291347459022285,1.0436953959411972,0.0636539238434512,400.0,24.0,2.6,28.0,400.0,4.0,120.0,2200.0,2.0,5.2,0.1,7.6,0.2,3674.0,TANK,0
-1.5317654368394549,0.1836600046751917,-1.2181603866927535,0.797549789825271,0.8583325806085876,0.0170556206458422,220.0,24.0,2.8,28.0,420.0,4.0,140.0,1700.0,2.0,5.1,0.16,7.5,0.26,3675.0,TANK,0
-1.665562426740158,0.1620708223216951,-1.2798147121847878,0.5172899859455897,1.057030568780568,-0.0618605334095303,270.0,23.0,2.6,27.0,360.0,4.0,110.0,1700.0,2.0,4.9,0.1,7.6,0.18,3676.0,TANK,0
0.6458624167437846,0.7247076911519492,-0.2665454458627266,1.357701639121789,2.137759338108006,-0.1224409592780689,2200.0,26.0,16.0,31.0,2296.0,5.0,700.0,9200.0,4.5,6.8,0.1,7.5,0.86,3677.0,TANK,0
0.9766778682516608,0.4111129163535788,0.7923808024971144,-0.0097803544421856,-0.1571721871330848,-0.6729019158458879,1800.0,21.0,17.1,30.0,658.0,9.0,766.0,3200.0,3.4,0.3,0.72,6.8,4.15,3681.0,TANK,0
-0.0446375369882013,-0.4581769364000997,-0.0752124110391731,0.1563768306947554,2.6064738366371545,1.0842457371838234,920.0,21.0,5.2,28.0,3294.5,7.0,766.0,1600.0,1.5,4.9,0.81,8.2,4.96,3682.0,TANK,0
-0.101686848953881,-0.9263153321136592,-1.3336533906797996,-0.2174881852626694,0.2396526253151487,-0.377329688750246,187.0,23.0,8.4,26.0,1597.0,3.0,70.0,698.0,4.5,5.2,1.17,6.9,1.7,3683.0,TANK,0
-1.5758698520264904,-0.1065352490863367,-1.914768754830054,-0.0268841801941556,0.9240808520337508,0.0326711176291478,177.0,23.0,3.9,25.0,452.0,2.0,8.0,849.0,3.1,7.1,0.44,7.4,0.63,3684.0,TANK,0
-1.7110564319989094,-0.1951747778671757,-1.892362655354317,0.4789388325435902,1.1961233449139306,0.1719350389953573,39.0,24.0,3.7,26.0,903.0,2.0,2.0,175.0,2.1,7.2,0.27,7.6,0.82,3686.0,TANK,0
-1.3087560186478722,-0.2693355190991945,-1.8230358754013645,0.3218102028201555,0.8009631212524659,-0.1279755012516044,96.0,24.0,4.2,26.0,869.0,2.0,5.0,302.0,3.2,6.8,0.42,7.3,0.72,3687.0,TANK,0
-1.2589014102346778,-0.2639931541310917,-1.8964714035658037,-0.013891921393491,0.6900799290496495,-0.2426274888609991,48.0,23.0,3.7,25.0,1070.0,2.0,5.0,1161.0,3.2,6.8,0.47,7.2,0.75,3688.0,TANK,0
-1.2344603233673004,-0.2275220302848211,-1.8710799183108795,0.0874761151740611,0.8097716862470207,-0.5881047273547515,58.0,23.0,4.2,25.0,1169.0,2.0,2.0,154.0,3.4,6.6,0.13,7.2,1.29,3689.0,TANK,0
-1.1438561454320324,-0.4873714139467249,-1.776576956638737,0.1845994731139572,0.9628083615713896,0.2362532673195104,253.0,24.0,4.3,26.0,975.0,2.0,13.0,1005.0,3.5,7.1,0.75,7.4,1.08,3690.0,TANK,0
-1.3556677648448656,0.5803620975222124,-1.4744257104773797,1.1018344385025023,-0.0843466918757179,0.2467279290645497,500.0,26.0,2.5,29.0,270.0,3.0,240.0,900.0,1.8,6.7,0.3,7.0,1.0,3691.0,TANK,0
1.1909321800378945,2.5884096955658973,-0.4541005409566719,0.3903026656323962,0.3904514031531439,1.2587772893224765,10678.0,25.0,5.0,29.0,298.0,4.0,600.0,31301.25,2.0,4.0,0.3,7.2,5.9,3692.0,TANK,0
2.6691251176439694,1.6944548324322193,-0.5204398191536879,0.2854566561760325,0.1032162109233626,1.1059032932106294,10678.0,27.0,16.0,29.0,1070.0,2.0,766.0,22000.0,3.4,5.2,0.3,6.9,14.855000000000002,3693.0,TANK,0
-1.132276776733719,0.9496655929684058,-0.2312396004678437,1.6529082519240217,0.2036165165973526,0.5755132878929037,900.0,26.0,3.0,33.0,290.0,7.0,500.0,2200.0,2.4,6.8,0.3,7.1,0.9,3694.0,TANK,0
0.0225314741122056,1.095578854765718,-0.9618228948938669,1.3141404592499923,0.3620304340609416,0.1002149505258176,1400.0,27.0,4.0,30.0,676.0,3.0,766.0,2800.0,2.8,4.1,0.3,7.0,0.7,3695.0,TANK,0
3.0325358696510785,1.6016386862022791,0.3687242671128291,0.3866689903962911,3.294505616614547,0.2845003141960969,10678.0,25.0,35.8,29.0,1390.0,4.0,766.0,31301.25,4.6,2.2,0.3,8.2,4.3,3696.0,TANK,0
3.5527757352653855,1.587881363323162,0.8807359527262131,0.1126016793918172,0.780919395322628,0.5501918125923468,10678.0,25.0,32.0,31.0,1080.0,6.0,766.0,31301.25,4.8,3.9,0.3,7.1,14.855000000000002,3697.0,TANK,0
2.3417477521863708,2.1780178823230205,0.4058279486910405,0.8143166481205627,2.825397342373474,0.1007753349729127,10678.0,25.0,16.0,31.0,2553.0,6.0,766.0,31301.25,7.05,6.5,0.1,7.5,0.32,4092.0,TANK,0
-1.6410123876526703,0.3746697176104482,-2.01364550471276,0.3213355187179579,-0.497738906652455,-0.4276680311897357,26.0,24.0,2.6,26.0,217.0,2.0,4.0,94.0,2.3,7.1,0.21,6.7,0.72,4498.0,TANK,0
2.677196507618941,1.2247131327437133,-0.915561407034307,-0.454881443584827,0.2075051616167439,0.7419140300434273,10678.0,25.0,9.0,26.0,1306.0,1.0,400.0,31301.25,4.0,3.2,0.29,7.0,14.855000000000002,4501.0,TANK,0
3.888431531648493,0.9114545681545286,-0.462557667961568,-0.7200079645559109,0.7506720575357456,0.4501541444417269,10678.0,25.0,16.0,26.0,1325.0,1.0,630.0,31301.25,6.0,0.9,0.62,7.1,14.855000000000002,4502.0,TANK,0
3.671324897788372,2.2095449525341753,-0.4078681443877452,-0.4886556191081556,-0.4400934963184074,-0.8370283842110986,10678.0,24.0,35.8,26.0,1178.0,2.0,766.0,31301.25,2.3,0.1,0.5,6.4,6.62,4503.0,TANK,0
4.136889849917765,1.328932309918867,2.646250955734005,1.0633219583146016,-0.636854470252069,-0.0562819260616981,10678.0,25.0,35.8,37.0,1648.0,12.0,766.0,31301.25,4.0,0.3,0.76,6.5,12.0,4512.0,TANK,0
3.0339306253087397,1.2009338115763024,1.527682537323164,0.7348504045119388,-1.259277738016384,0.0769208306098173,10678.0,24.0,13.0,34.0,2297.0,10.0,460.0,31301.25,3.0,0.6,0.66,6.3,11.0,4513.0,TANK,0
2.211548426583866,2.3554800156871276,-0.3051094965951228,0.1062388167829192,-0.5244492277818922,0.5212506464833352,10678.0,25.0,11.0,29.0,685.0,4.0,630.0,31301.25,3.5,2.9,0.9,6.5,3.6,4526.0,TANK,0
2.7416309305136024,2.120689501869084,-0.0811048821884594,-1.3794361290665902,0.3815749837537785,0.0250618167421953,10678.0,20.0,19.0,25.0,1775.0,5.0,766.0,31301.25,4.0,4.1,0.34,6.7,10.47,4531.0,TANK,0
3.314057597052224,1.4908415125918637,-1.2356742944328536,-0.4528197585505947,-0.7412267487886063,-0.6038356622862778,6300.0,25.0,12.0,25.0,2307.0,0.0,766.0,31301.25,4.0,0.5,1.0,6.1,4.0,4541.0,TANK,0
0.0633066077597953,0.4968890171415543,-1.1051982255196098,1.1519128399920615,-1.4057977442974408,-1.7130889086261454,1000.0,26.0,10.2,29.0,475.0,3.0,200.0,2400.0,2.3,0.9,0.01,6.2,0.11,1383.0,LAKE,0
-2.0166858574109052,0.3305360896497245,-1.4654215243675353,-0.5711185427594349,-0.5911688935765729,-0.0289407894004218,100.0,20.0,2.7,25.0,174.0,5.0,40.0,380.0,1.2,6.8,0.67,6.8,0.73,1385.0,LAKE,0
0.5154405134106907,-1.719809987712952,-1.5009470042137352,-1.3272856510410698,-0.50018961984752,-0.1043544548335036,220.0,20.0,4.5,23.0,3294.5,3.0,100.0,540.0,2.9,3.6,2.2,6.6,2.6,1441.0,LAKE,0
-0.7685819741636718,-0.8766880064902199,-1.31645607081009,-0.8162757695139204,0.2014711762401594,-0.2869312616059309,200.0,19.0,2.0,24.0,3294.5,5.0,80.0,540.0,1.7,6.1,1.1,6.9,1.7,1574.0,LAKE,0
1.835716704100796,2.2391609931200263,-0.7614336047922091,1.4799275898651134,-0.2733478235078119,-0.0779893111773568,10678.0,27.0,3.4,30.0,3294.5,3.0,480.0,31301.25,0.1,2.3,0.07,6.6,1.39,1575.0,LAKE,0
-2.5334773475841468,0.9284535551782102,-0.4712675121749864,0.6657119654550363,-1.3625897403404263,-0.4092840807727106,400.0,21.0,0.9,30.0,52.0,9.0,2.0,600.0,0.1,6.7,0.01,6.5,0.05,1576.0,LAKE,0
-0.613242520435325,-0.0555109109661951,-0.9426718986885264,1.8235358154501928,-0.230550959454407,-0.7102517094070852,1700.0,26.0,2.7,31.0,3294.5,5.0,17.0,4300.0,0.9,6.0,0.04,6.7,0.5,1577.0,LAKE,0
0.0465974579507901,-0.6778571493504438,-0.4031678431321606,1.6321554589729792,0.1393852767546425,-1.519040891043801,1200.0,25.0,5.4,31.0,3294.5,6.0,2.0,2500.0,2.7,2.6,0.01,6.8,0.32,1578.0,LAKE,0
-0.9870646349130066,0.2878022811439473,-0.5882072707449121,1.5050586288208752,-0.3277764853044675,-0.578771484249775,1400.0,25.0,4.8,31.0,1172.0,6.0,100.0,2400.0,1.1,3.9,0.01,6.9,0.77,1579.0,LAKE,0
-2.387607014313003,0.6829944097227514,-1.04841919495719,1.198966288525515,-0.6591864515770451,-0.0234286675100387,120.0,24.0,1.6,30.0,32.0,6.0,4.0,150.0,0.1,6.8,0.01,6.9,0.1,1580.0,LAKE,0
-1.2251601001509262,0.0272702039175253,-0.7070369393173932,1.5221465498396407,-0.3710930680227907,-0.7449783951473651,400.0,25.0,3.1,31.0,1351.0,6.0,2.0,700.0,1.8,4.9,0.01,6.8,0.24,2312.0,LAKE,0
-2.245939541482348,0.8090662893922758,-1.0467359512733605,1.1727620857222207,-0.990065263179967,-0.1723278227325761,140.0,24.0,1.4,30.0,74.0,6.0,40.0,540.0,0.1,6.6,0.01,6.7,0.06,2318.0,LAKE,0
-2.1859218537060947,0.7506990978024746,-1.3719744246411545,0.6420715914503413,-0.9702385662833968,-0.1761040500706857,600.0,23.0,1.2,28.0,128.0,5.0,2.0,920.0,0.1,6.8,0.01,6.7,1.47,2328.0,LAKE,0
-1.8199930055175204,1.4216732360954405,-1.3241943477671083,0.8286170566989466,-1.6212033095882254,-0.1293050680255563,2200.0,24.0,2.1,29.0,51.0,5.0,40.0,7000.0,0.1,7.6,0.05,6.3,0.95,2329.0,LAKE,0
-2.2526936396325525,0.8185401857620913,-1.5816522298587137,1.1649787692168894,-0.9416378685564633,-0.090993954095261,140.0,25.0,1.8,29.0,30.0,4.0,10.0,330.0,0.1,7.4,0.01,6.7,0.12,2330.0,LAKE,0
-0.309909514898845,0.5514696879518769,-1.2584727251829118,1.1725957996029126,-1.9527862342778692,-1.7802732711908322,400.0,26.0,13.2,29.0,212.0,3.0,100.0,1400.0,1.4,1.8,0.01,6.0,0.01,3470.0,LAKE,0
1.242513542642404,0.0892915000378559,-0.5444061947130019,0.8660046225530761,0.6345215077792742,-2.080365261435382,1000.0,26.0,23.4,29.0,362.0,3.0,400.0,2800.0,6.6,0.9,0.01,6.8,0.01,2325.0,POND,1
-2.0365002102742373,0.9072919154343808,-1.0650191051068367,0.8142935797513757,-1.3530506077685522,-0.4451435164936017,920.0,23.0,1.0,29.0,73.0,6.0,31.0,1200.0,0.1,5.7,0.01,6.5,0.38,3462.0,POND,0
-0.7779618917059387,-0.8493209507685927,-1.3582058392607896,2.4528861470506262,1.7304192235009312,1.0807240661144302,356.0,31.0,5.35,32.0,586.0,1.0,45.0,1500.0,2.2,4.4,0.51,8.2,2.61,1401.0,POND,0
-0.4148922805755989,-0.6646984022420965,-1.4390277918405638,1.3005665757864489,0.3247986288356489,-0.1062981615700702,356.0,27.0,5.35,29.0,1648.0,2.0,45.0,1500.0,2.2,4.4,0.51,7.2,2.61,4557.0,POND,0
-0.281860059332493,-0.5082378786767263,-1.4839332859252237,1.2509196872038568,-0.376438819204015,-0.4041637989361356,356.0,27.0,5.35,29.0,1663.0,2.0,45.0,1500.0,2.2,4.4,0.51,6.8,2.61,4568.0,POND,0
-1.381033069152476,0.2505202582854834,0.666883404976254,-0.0083989598507707,-0.2569862543086023,1.035487281249237,360.0,19.0,2.5,31.0,914.0,12.0,2.0,22000.0,0.9,6.0,1.02,7.2,3.71,1373.0,LAKE,0
0.8838340510546405,1.5461805134498745,1.3409431523145143,-0.3325955246051729,-0.110621986115118,0.1205535706844801,10678.0,19.0,19.0,31.0,901.0,12.0,39.0,31301.25,2.9,4.9,0.32,6.9,7.44,1374.0,LAKE,0
-1.6661120504477067,-1.211367447591903,2.162272719933961,1.1468750444958953,-0.343603494913561,1.9009705360710467,7.0,21.0,11.8,38.0,813.0,17.0,3.0,75.0,1.2,7.1,2.2,7.4,2.6,1466.0,LAKE,0
-2.6887279395751715,0.3737466209419965,-0.6672352985504932,-0.9771619135225542,0.0169695320716556,-0.2734027182210909,2.0,16.0,1.8,25.0,482.0,9.0,2.0,47.0,0.8,7.0,0.21,7.1,1.34,2128.0,LAKE,0
-1.985968531286035,-0.1746795434124592,-1.0230332169087395,-0.1875611878987512,0.8399859027469836,-0.0628133879475268,8.0,20.0,2.9,26.0,730.0,6.0,1.0,110.0,1.8,5.9,0.32,7.5,1.2,2130.0,LAKE,0
-2.0321346987083473,-0.2146137784766661,-1.4118535731340374,-0.4885358846043204,0.2378311667254697,0.4129920734054235,1.0,20.0,1.7,25.0,795.0,5.0,1.0,110.0,0.8,6.6,0.82,7.3,1.39,2131.0,LAKE,0
-2.5302435584402128,-0.3838245565189833,0.3243633892982502,-0.5329121666614657,0.9164615834808386,0.4236402395107382,1.0,16.0,1.6,28.0,1080.0,12.0,1.0,158.0,0.9,6.1,0.64,7.7,1.74,2132.0,LAKE,0
-2.7540487490549275,0.1603389368038555,-0.5753721807534261,-0.8488453807221871,0.9843140258693812,-0.1403615476666785,1.0,16.0,1.4,25.0,642.0,9.0,1.0,110.0,1.0,6.6,0.01,7.6,1.68,2133.0,LAKE,0
-2.1176890743964023,-0.0220235332874685,-1.470506036449149,-0.7744451434014884,0.0825759492726675,0.0771600912615154,2.0,19.0,1.3,24.0,492.0,5.0,1.0,63.0,0.9,6.0,0.62,7.2,1.37,2134.0,LAKE,0
-2.661526273974699,0.3580338104512781,0.3597499253284539,0.4930961269838684,-0.2442432007453976,-0.0321581562524944,18.0,19.0,2.0,31.0,382.0,12.0,2.0,49.0,0.7,6.6,0.18,7.1,0.67,2135.0,LAKE,0
0.951581192862578,0.8459584989466443,1.4028036741811774,-0.7488509262308635,-0.4225789095033846,1.6931763516530651,10678.0,19.0,20.0,31.0,667.0,12.0,10.0,31301.25,1.2,5.9,1.02,7.2,14.855000000000002,2136.0,LAKE,0
-1.5723593276262524,0.6923168530722194,0.3778045096713846,0.1526447094255456,0.2282476970871249,1.82588000871452,1600.0,20.0,2.0,31.0,902.0,11.0,2.0,28000.0,0.1,8.0,1.02,7.5,3.95,2137.0,LAKE,0
-1.2309485172825148,0.600497601683042,0.5063511731172878,-0.0090505698643884,0.7661954832408054,2.0862682598889526,2400.0,20.0,3.9,31.0,905.0,11.0,2.0,31301.25,1.2,8.3,1.29,7.7,3.48,2138.0,LAKE,0
-0.3628782277789381,1.157515961961156,0.9881476694300468,-0.4521936180603784,0.6816148387122163,2.5636466522112933,10678.0,19.0,3.4,31.0,922.0,12.0,2.0,31301.25,1.4,7.9,1.32,7.7,7.44,2139.0,LAKE,0
-1.31869534271831,-0.1665812237803678,0.8316549500074927,0.455192796550355,-0.2082588704029427,0.9229738567134946,84.0,20.0,2.7,32.0,857.0,12.0,2.0,17000.0,0.1,3.4,1.02,7.4,3.5,2140.0,LAKE,0
-1.905965237539612,-0.2684715534454318,-1.7299773730458063,1.6327004545912744,1.1380298754321123,1.2868200586816023,2.0,28.0,2.3,30.0,476.0,2.0,2.0,70.0,1.6,8.6,0.65,7.8,0.82,2141.0,LAKE,0
-2.9902719333802943,0.3002616544495285,0.4951470557761305,-1.443863700739507,0.2573871075298867,-0.4673665013203315,3.0,12.0,1.8,26.0,666.0,14.0,2.0,52.0,1.2,6.8,0.1,7.2,2.0,2142.0,LAKE,0
-2.124991437125137,-0.1174649964443537,-1.4293346291138227,-0.4703387151818169,0.1995156630961069,0.4122181568332032,1.0,20.0,2.1,25.0,665.0,5.0,1.0,63.0,0.6,6.8,0.71,7.3,1.84,3296.0,LAKE,0
-2.144062084661158,0.0269864273098886,-0.7459367299169827,-1.2019596033871782,0.6176391595125108,-0.414670038407711,70.0,16.0,4.8,24.0,802.0,8.0,2.0,1600.0,1.8,6.4,0.25,7.3,2.1,4614.0,LAKE,0
-1.4923684904526926,0.3409829370202089,-0.7353270070624467,-1.3010237618491698,-0.94194716676655,-1.6031983535997512,170.0,16.0,7.8,24.0,911.0,8.0,2.0,1600.0,2.5,5.5,0.12,6.3,1.6,4615.0,LAKE,0
-2.787908022970732,0.5102629469658713,0.330012542531725,0.5562046956866412,-0.1693185719079455,-0.1655395170210795,2.0,19.0,1.8,31.0,294.0,12.0,2.0,27.0,0.8,6.8,0.01,7.1,0.17,4622.0,LAKE,0
-1.6730992088754384,-0.2169997171277036,-2.0291263172660297,-0.391160185343687,0.4283612253707092,0.2613011457041063,36.0,22.0,3.4,24.0,493.0,2.0,2.0,150.0,1.8,6.6,0.75,7.3,1.25,3297.0,POND,0
-1.846300667896858,-0.2135151788980775,-1.9408148783508157,0.4327535955010112,1.0015832554179576,0.4795500843903253,2.0,24.0,2.0,26.0,768.0,2.0,2.0,49.0,1.6,7.2,0.48,7.6,0.82,3298.0,POND,0
-2.4102862572986266,0.1388474680472595,-0.7880123815610462,-1.0814478132466083,0.6114019962544223,-0.3643870325855928,120.0,16.0,4.8,24.0,641.0,8.0,1.0,540.0,0.8,6.0,0.12,7.4,2.0,3299.0,POND,0
-1.8946866279473664,-0.0306134794895379,-0.1132075680180328,-0.8921757804351673,0.1338293568146453,-0.708729216740809,220.0,16.0,4.2,26.0,857.0,10.0,2.0,1600.0,1.9,5.0,0.12,7.1,3.2,3300.0,POND,0
-2.63091760909725,0.3482003322923953,0.5216870707659805,-0.2900355784796031,-0.0846792113374779,-0.4732730407593137,27.0,16.0,4.2,29.0,513.0,13.0,2.0,540.0,0.9,6.1,0.01,7.1,1.6,3301.0,POND,0
-2.5147621689391704,-0.2777608111504728,-0.5380323517947321,-1.1591257973475042,0.7598887781509689,0.5585930042168162,1.0,16.0,1.6,25.0,618.0,9.0,1.0,140.0,1.1,6.8,0.83,7.6,2.02,3302.0,POND,0
-2.632868340511363,0.2289499007962197,0.6698287075443005,0.674041524101217,-0.0967145699756348,0.029450412971513,18.0,19.0,1.9,32.0,544.0,13.0,2.0,48.0,0.7,6.3,0.19,7.2,0.8,3303.0,POND,0
-2.9842901798026764,0.1393972348957029,2.5618211418103134,1.3790299124565686,0.0010332300531078,0.8952598548606554,356.0,18.0,1.8,38.0,520.0,20.0,45.0,1500.0,0.1,6.7,0.4,7.5,2.3,3304.0,POND,0
-2.1149996775761957,0.1290147679461476,-0.9730288065910992,-0.8756126054323602,0.5341181439663463,-0.5636773737638109,280.0,17.0,4.2,24.0,964.0,7.0,2.0,1600.0,0.9,5.4,0.12,7.3,1.1,3830.0,POND,0
-1.3810934069025247,-0.3550645633962992,-0.4632254756607191,-0.4664064074352853,-0.1250428972491623,-1.2097931731113194,11.0,17.0,4.0,26.0,3294.5,9.0,2.0,920.0,0.9,6.0,0.18,6.7,1.6,3831.0,POND,0
-2.4219706508533956,0.0166809736424689,-0.8857733232100551,-0.2662785081055527,0.7946763057183821,0.1242028530270156,1.0,19.0,1.4,26.0,525.0,7.0,1.0,63.0,0.8,6.2,0.09,7.6,2.68,3849.0,POND,0
-2.2336198810399694,0.1035593262501043,-1.5426988812428248,-0.7913774980775536,-0.0715477957029582,0.1329354908344656,1.0,19.0,1.3,24.0,496.0,5.0,1.0,63.0,0.8,6.9,0.62,7.1,1.37,3850.0,POND,0
-2.5967166454009196,0.4380128669709872,-0.8914766446426503,-0.828040942820252,-0.1677542493948717,-0.3118527765312258,2.0,17.0,1.9,25.0,391.0,8.0,2.0,48.0,0.8,7.0,0.21,7.0,1.1,2129.0,TANK,0
-1.7884311804024675,-0.0232106840465816,-0.4961679285374529,-0.2024825642759911,-0.2699744651067344,-0.1366377111061539,30.0,20.0,3.5,28.0,224.0,8.0,5.0,110.0,3.0,6.9,0.51,6.9,2.61,1425.0,LAKE,0
-1.7425202355892315,0.0381184145182043,-0.2340455048691098,-0.0598376996581115,-0.6945538104362651,-0.2698171712866353,35.0,20.0,3.4,29.0,220.0,9.0,5.0,90.0,2.9,6.6,0.51,6.7,2.61,1426.0,LAKE,0
-1.7852586029836397,-0.1346731443034316,-0.4446694446160961,-0.1574168276157603,0.0315306320345144,-0.0490217542988088,25.0,20.0,3.7,28.0,240.0,8.0,10.0,80.0,2.8,6.3,0.51,7.1,2.61,1629.0,LAKE,0
-1.7717792173759304,-0.1749941253025028,-0.4548761252788089,-0.1607240027012352,0.1089301507236979,-0.0561353719819495,10.0,20.0,3.8,28.0,380.0,8.0,2.0,55.0,3.0,6.7,0.51,7.1,2.61,1630.0,LAKE,0
-1.9578218048618352,-0.1875569695311676,-0.0156351932943448,-0.484486920530947,0.326465262954755,-0.0743739135759479,35.0,18.0,3.8,28.0,380.0,10.0,10.0,60.0,3.2,6.7,0.51,7.2,2.61,2837.0,LAKE,0
-1.976356815534194,-0.2364474222070511,0.0011861877291381,-0.4786703212309706,0.5171781674313122,-0.0118932194990077,10.0,18.0,3.8,28.0,370.0,10.0,10.0,90.0,3.3,6.7,0.51,7.3,2.61,2839.0,POND,0
-2.0936942975750914,-0.2774665484629277,0.2722638389089694,-0.2919010990656634,0.6029396370295345,0.1204718166392997,2.0,18.0,3.4,29.0,360.0,11.0,2.0,95.0,3.1,6.6,0.51,7.4,2.61,2840.0,POND,0
-1.703780622386479,-0.0611330129994183,0.2021311042829587,-0.6768208915005088,-0.5941239329346207,-0.6251525320624378,60.0,17.0,4.2,28.0,510.0,11.0,20.0,195.0,3.0,5.6,0.51,6.7,2.61,2841.0,POND,0
-2.0084853230124597,-0.1914410210983357,0.2614844059434102,-0.3139633771238043,0.2257137522481361,-0.0448104211528855,25.0,18.0,3.8,29.0,330.0,11.0,5.0,105.0,3.0,6.4,0.51,7.2,2.61,2842.0,POND,0
-1.8142693580026128,-0.1651279140330057,-0.0022766714773509,-0.4873900763029214,-0.0952256938694015,-0.3079532919207032,20.0,18.0,3.9,28.0,380.0,10.0,5.0,70.0,3.0,5.9,0.51,7.0,2.61,2843.0,POND,0
-2.147485565890329,-0.1627218803083725,0.4102853046368232,-0.7962329923419059,0.2652056802089896,-0.1779214730159002,10.0,16.0,4.2,28.0,310.0,12.0,5.0,65.0,3.0,6.3,0.51,7.2,2.61,2844.0,POND,0
-2.601686823437363,0.3604351185894424,2.2283764500366123,-1.9987832739340037,-1.147684199351828,-1.0033144070477775,356.0,10.0,3.8,28.0,240.0,23.0,45.0,75.0,3.2,6.1,0.51,6.4,2.61,2845.0,POND,0
-1.6062159274828811,0.1863173656555472,-0.3196317233443319,-0.4341411712830511,-1.349539243620699,-0.6950437726387088,9.0,19.0,3.6,28.0,215.0,9.0,9.0,45.0,3.0,6.3,0.51,6.3,2.61,2846.0,POND,0
-1.618837934075772,-0.0785070910066891,-0.1620991657060747,-0.0298760267936303,-0.5526413038375937,-0.3277426182357639,35.0,20.0,4.1,29.0,264.0,9.0,10.0,93.0,2.8,5.7,0.51,6.8,2.61,2847.0,POND,0
-1.6134897581992074,-0.3740412275841453,0.0958797066344418,-0.4535661154906217,0.3613592728425296,-0.3268864869625422,45.0,18.0,4.3,28.0,670.0,10.0,25.0,165.0,3.3,5.3,0.51,7.2,2.61,2848.0,POND,0
-1.6947058842671028,-0.3015427818225465,0.3352081526069986,-0.3164534187224483,0.138167199700714,-0.311770500215689,40.0,18.0,4.2,29.0,600.0,11.0,20.0,155.0,3.3,5.6,0.51,7.1,2.61,2849.0,POND,0
-1.7982536902288424,-0.2383562451470804,0.2757081691277724,-0.6320903193059654,0.0596813000674189,-0.3838167182982187,45.0,17.0,4.5,28.0,370.0,11.0,15.0,145.0,3.0,5.1,0.51,7.1,2.61,2850.0,POND,0
-1.6166656464515927,-0.3376403992559671,0.6012503291866532,-0.4843004461620677,0.186379356210131,-0.4568577081177054,80.0,17.0,4.8,29.0,680.0,12.0,35.0,440.0,3.5,5.1,0.51,7.1,2.61,2851.0,POND,0
-1.2451898461010211,0.373762020084271,0.0921347423537359,-1.6573848693910878,0.6656099221553334,-0.4744362478299101,790.0,15.0,6.0,25.0,110.0,10.0,340.0,2100.0,4.8,5.6,0.5,7.1,2.73,1347.0,LAKE,0
-2.326618907271989,0.3749632680375228,0.0043678265334672,-1.2002410061900155,0.3675063666775519,-0.4587319033777937,170.0,15.0,4.2,26.0,155.0,11.0,84.0,790.0,3.1,7.0,0.3,7.1,0.98,1348.0,LAKE,0
-2.7214977779806384,0.5570256533474068,0.0934076114471953,-2.818470958030139,-0.476803629985301,-1.1223418693670302,420.0,10.0,5.8,21.0,390.0,15.0,9.0,1200.0,1.4,6.0,0.39,6.7,0.78,1459.0,LAKE,0
-1.1655407564603606,0.2617691783274763,1.4748397746586852,-1.2514220306937232,0.2428131827087323,-0.7403548482398028,790.0,14.0,7.3,29.0,118.0,15.0,330.0,1700.0,5.5,4.8,0.52,6.9,2.72,3346.0,LAKE,0
-1.5133598298144149,0.4506514710070249,0.6730189209171514,-0.8391398103590371,0.8445177062400547,-0.6587747351312728,430.0,16.0,6.7,28.0,112.0,12.0,310.0,1300.0,4.8,5.9,0.02,7.2,2.91,3347.0,LAKE,0
-1.6613207206136638,0.4565039790488456,1.5036313106270425,-1.634093134764175,0.2282123438787928,-0.8096610641553972,630.0,12.0,6.2,28.0,109.0,16.0,310.0,1200.0,4.9,5.6,0.3,6.9,3.21,3348.0,LAKE,0
-2.4806299422023064,0.409784622288927,0.123180913977337,0.1872933808980833,-0.2987074426030027,-0.0576500126921725,120.0,19.0,2.2,30.0,79.0,11.0,21.0,520.0,1.6,6.8,0.32,7.0,0.47,3349.0,LAKE,0
-2.9035947456126125,1.199385819614952,-0.171490955579065,-1.5064366257140982,-1.2893661478347622,-1.053219595536241,356.0,13.0,1.6,25.0,130.0,12.0,45.0,1500.0,0.9,7.3,0.01,6.3,0.07,3723.0,LAKE,0
-1.958758004733516,0.7363068314041673,-0.2110042121043638,-0.4867647390929245,-1.4830354657479003,-1.3610160631581951,356.0,17.0,2.0,27.0,356.0,10.0,45.0,1500.0,0.9,3.6,0.02,6.3,0.09,3722.0,POND,0
-2.3805118254599344,0.3979315835397958,1.3212951025915172,0.7536230737888427,-0.4569419965944269,-0.5020789497901071,356.0,18.0,2.8,33.0,265.0,15.0,45.0,1500.0,0.3,3.1,0.02,7.1,0.2,3755.0,POND,0
-2.375737756716321,1.0288045362474922,1.3514437261172074,-0.7594087812444053,-2.380951469759996,-1.6959723440041048,356.0,13.0,2.1,30.0,329.0,17.0,45.0,1500.0,1.3,4.5,0.01,5.800000000000001,0.2,3743.0,TANK,0
-1.7846953520364934,0.2558651515505452,0.9063284017809484,0.441784330212365,-1.0398657731562042,-0.5918797320215242,356.0,19.0,2.4,32.0,132.0,13.0,45.0,1500.0,1.8,3.9,0.09,6.7,3.5,2886.0,LAKE,0
-1.915562348295316,0.4557181034472261,0.3208038635356126,0.5237266037301779,-0.8760586271869305,-0.5971600955018522,356.0,20.0,2.4,31.0,170.0,11.0,45.0,1500.0,1.7,4.8,0.08,6.7,1.5,2887.0,LAKE,0
-1.1850090285468025,-0.3577275098774147,0.1863349637404019,1.3255161361296577,0.050403867375581,-0.4122116938849654,1300.0,22.0,1.8,32.0,3294.5,10.0,2.0,2400.0,0.5,6.1,0.02,7.0,3.22,2437.0,LAKE,0
-1.574374129616442,0.5254061230606931,2.052974675830873,1.650165004307276,-0.4704516996661352,-0.1825306547728845,2200.0,20.0,2.5,37.0,1888.0,17.0,170.0,5400.0,0.6,5.1,0.02,6.9,1.86,2438.0,LAKE,0
-2.2771553701448997,-0.4642463673401446,1.7914988584660294,-0.1556973816566811,0.9536161367304,-0.7725740376867469,220.0,13.0,2.6,31.0,3294.5,18.0,2.0,1100.0,0.9,5.8,0.04,7.4,1.02,3953.0,LAKE,0
-1.3520463380378047,0.4888027481907287,2.2426183491496836,-0.830475941818571,1.6058785205591677,-0.4709385983712165,3300.0,12.0,8.3,30.0,1614.0,18.0,130.0,17000.0,2.1,3.0,0.02,7.8,1.88,3954.0,LAKE,0
-2.0726035156688973,0.5896026876662984,2.734557180522867,1.2464672853603147,-1.6222947724291497,-0.2129245304242638,1100.0,18.0,2.1,38.0,239.0,20.0,110.0,3500.0,0.6,4.0,0.02,6.6,4.66,3955.0,LAKE,0
-2.21329819012739,0.7157298182283183,1.3490080256550117,0.925252747284572,-0.8249855808798516,-0.2118260517956519,2200.0,19.0,2.4,34.0,209.0,15.0,20.0,3500.0,0.5,4.6,0.02,6.9,1.62,3956.0,LAKE,0
-2.4235708502604543,0.8210249101991702,2.316507287668336,1.2221724786643955,-1.4167524090548465,-0.3980656458814515,1300.0,18.0,2.4,37.0,219.0,19.0,45.0,3500.0,0.6,4.8,0.02,6.6,1.07,3957.0,LAKE,0
-0.557452844279617,2.5999438301246975,0.0221596146270091,-0.0630740039967617,-0.3574145425646438,0.3788960738217445,10678.0,20.0,2.9,29.0,498.0,9.0,20.0,31301.25,1.3,6.4,0.02,6.8,1.67,2431.0,POND,0
-0.2621049371716069,1.2011623236974047,1.0265382524645832,1.1078478998091998,1.6848439072772023,0.6423930463830058,10678.0,22.0,6.3,33.0,1381.0,11.0,2.0,22000.0,2.3,4.5,0.02,7.9,2.02,2432.0,POND,0
-0.273139953727824,-0.9403769354541304,0.6312041108282781,0.8487130018047987,0.9088406185085984,0.114399933357643,1700.0,23.0,8.8,32.0,735.0,9.0,2.0,4900.0,3.7,2.8,0.23,7.7,8.91,2433.0,POND,0
0.7939846248858126,0.1896749163220188,1.5098357039240622,0.0396905999566159,0.3693066680100537,0.5095506582557472,7900.0,20.0,6.7,32.0,1279.0,12.0,2.0,24000.0,3.5,3.1,0.02,7.4,14.57,2434.0,POND,0
0.5704984763874518,0.6709851688420884,1.0626964544861497,0.6721622127836171,1.6342685602726337,0.4889117309465384,10678.0,22.0,8.7,32.0,1155.0,10.0,2.0,22000.0,3.6,2.9,0.02,7.9,6.88,2435.0,POND,0
-0.5613548131904345,1.178395778126292,2.532938556485397,-0.3648241663720997,0.2510412839043204,-0.0975123208521489,7900.0,15.0,8.4,33.0,519.0,18.0,2.0,24000.0,3.3,3.5,0.19,7.2,4.29,2436.0,POND,0
-2.0592207684147263,1.203959704774114,1.552251594215747,0.0244016448787653,-0.1436766829262166,0.0392588642852929,3300.0,16.0,2.7,32.0,369.0,16.0,220.0,7900.0,0.9,5.4,0.02,7.1,2.3,3962.0,POND,0
-0.2145835453141767,1.1448087234526876,0.5759443798352443,-0.0535235606377125,0.6656631925221472,-0.3169642006632125,7900.0,19.0,8.4,29.0,1080.0,10.0,220.0,13000.0,2.0,2.8,0.02,7.3,2.8,3963.0,POND,0
-1.4097315282278076,0.1955012113759312,-0.857856034634481,2.012208334745221,0.0029075683563964,0.0797628986146041,1600.0,27.0,2.0,32.0,905.0,5.0,13.0,1600.0,0.8,5.2,0.05,7.2,0.92,1396.0,LAKE,0
-0.7986617995567257,0.691381416667782,-2.0451312979304235,1.405964632825563,-0.3978092632652977,-0.1737464221957566,1600.0,28.0,1.5,28.0,332.0,0.0,240.0,1600.0,1.0,4.0,0.02,6.9,1.42,1686.0,LAKE,0
-1.7734288393397373,0.6666403337103776,2.2974291216438365,-0.3442427457434571,0.4370225346195998,-0.7241744093224716,3900.0,13.0,11.0,32.0,1542.0,19.0,2.0,11000.0,1.5,5.1,0.03,7.2,0.82,4634.0,LAKE,0
-3.2346070024857023,0.425995081989403,2.4240742386941965,-0.8013082041380586,0.2501274407496971,0.3020210778090247,610.0,11.0,1.8,32.0,280.0,21.0,110.0,1700.0,1.1,6.5,0.5,7.4,1.2,1297.0,LAKE,0
-3.1825164621262685,0.4779388439748611,2.493151541598632,-0.5121917466832904,0.4214713552730122,0.6149579533453263,920.0,12.0,1.9,33.0,310.0,21.0,140.0,2700.0,1.1,7.0,0.6,7.5,0.9,1382.0,LAKE,0
-3.035427157409642,-0.0439297440645656,3.288331351812687,-0.2780480892458344,-0.0176711278251787,-0.7044536078264853,46.0,10.0,1.1,34.0,246.0,23.0,11.0,94.0,0.1,0.3,0.1,7.5,0.6,2912.0,LAKE,0
-1.6631318974017215,-0.9939247173213542,-1.601476393044049,-0.1357260716826509,1.223336279074126,1.818720507870885,75.0,23.0,2.7,26.0,660.0,3.0,21.0,150.0,1.2,6.9,1.68,8.0,2.16,1285.0,LAKE,0
-1.251440387640216,-1.084368540430134,-0.8516405099808296,-0.6384253417099569,0.5748587254165191,1.1081666745219665,150.0,20.0,3.8,26.0,1250.0,6.0,64.0,240.0,1.2,5.1,1.66,7.6,3.09,1286.0,LAKE,0
-0.8945294462549332,-1.4795037463717304,0.5932825080242775,0.2733529665395381,0.2291802966760051,0.909217501566427,75.0,21.0,5.3,31.0,560.0,10.0,14.0,210.0,1.5,1.2,1.55,7.7,4.72,1414.0,LAKE,0
-1.566011457194854,-0.9244607807916516,-1.8060811692287209,0.3539634837205153,1.8924448729240655,1.4669126926650164,93.0,24.0,3.2,26.0,1590.0,2.0,64.0,150.0,0.7,7.0,1.15,8.2,1.75,1481.0,LAKE,0
-2.3502557078397546,-0.6501528450496759,0.9494809785533004,-1.0855419581301562,0.6397104488418038,0.6851329950323772,93.0,14.0,2.7,28.0,330.0,14.0,39.0,210.0,0.7,3.4,1.14,7.8,2.63,1716.0,LAKE,0
-1.5223544913078657,-0.884404091946221,0.4049295870913075,0.3070861982824401,0.8439686498001474,0.5249482642343705,240.0,20.0,3.3,30.0,510.0,10.0,39.0,460.0,1.1,1.6,0.92,7.9,2.29,2935.0,LAKE,0
-2.321208290051191,0.2890135790013329,0.531138091632726,0.8000063347320013,-0.5623296115407994,-0.2268792343862147,23.0,20.0,3.1,32.0,280.0,12.0,14.0,64.0,0.6,5.2,0.08,7.0,1.76,2937.0,LAKE,0
-1.9675493164536852,-0.7317815369983405,-1.2949175114233278,-1.4076820767457592,1.8245786511282909,0.6354366576184728,150.0,17.0,3.4,22.0,630.0,5.0,39.0,240.0,1.0,4.1,0.92,8.2,2.1,2938.0,LAKE,0
-1.9461250154707472,-0.7934832601969967,-1.2989734435691165,-1.4546630635847762,1.733847999823504,0.8150970872394137,240.0,17.0,2.8,22.0,640.0,5.0,39.0,460.0,0.8,4.0,1.1,8.2,2.06,2939.0,LAKE,0
-1.4348721984086308,-0.9827554868767304,-1.529858499902009,-0.3666203085739407,1.3982831243673708,1.508732671307891,240.0,22.0,4.3,25.0,750.0,3.0,64.0,1100.0,0.8,5.1,1.54,8.1,2.29,2940.0,LAKE,0
-2.115107834798252,-0.7045597465933267,-1.440585427515795,-0.1014409372018276,1.6692279611170766,1.645777161233642,75.0,22.0,2.3,26.0,520.0,4.0,23.0,150.0,1.0,7.2,1.24,8.2,1.66,2941.0,LAKE,0
-1.879795926817862,-0.8909979196613942,-1.372602161269708,-0.1483160384848735,1.742657457733066,1.5801377177744789,64.0,22.0,2.2,26.0,720.0,4.0,23.0,120.0,1.5,7.0,1.24,8.2,2.62,2942.0,LAKE,0
-0.8504108336976408,-1.5232382195701084,1.8586372821633852,0.3056616877665306,0.0024570681444783,1.1903284838120358,460.0,19.0,4.4,34.0,1010.0,15.0,75.0,2400.0,1.6,1.0,2.07,7.6,3.05,2943.0,LAKE,0
-1.7621132629782958,-0.8481606712403336,-0.8914391827121129,-0.4592863843549485,1.0261562498528878,1.071652885985222,150.0,20.0,2.4,26.0,650.0,6.0,14.0,460.0,1.0,4.8,1.25,7.9,2.5,4177.0,LAKE,0
-1.220129077554248,-1.0772822111586349,-0.6917260346964826,-0.4764914096432607,1.2872186746761822,0.8787356804060917,460.0,20.0,4.1,26.0,920.0,6.0,64.0,1100.0,1.4,3.0,1.35,8.0,2.29,4178.0,LAKE,0
-1.2290184445300618,-1.1117922394569988,-0.7219057813685613,-0.5477526652695984,1.0133276151034494,1.032714861279533,150.0,20.0,4.4,26.0,880.0,6.0,93.0,240.0,1.1,3.2,1.56,7.9,2.33,4795.0,LAKE,0
-1.902353095617203,-0.4932953091445444,-1.8964776500714808,0.2459731412153826,1.1716247208539112,1.3414375174702344,64.0,24.0,2.3,26.0,430.0,2.0,20.0,120.0,1.0,7.2,1.02,7.9,1.82,4179.0,POND,0
-1.8578314084385663,0.5559256835255346,0.3589181088123694,-0.1859006599496165,-2.0612010360443733,-0.9484074428452846,49.0,18.0,4.0,30.0,182.0,12.0,36.0,96.0,2.0,6.0,0.32,6.0,2.36,1420.0,LAKE,0
-1.52192725620491,0.2955943356892588,-1.1335612538324178,-1.1967030441011677,-0.3096784406501195,-1.5063886437156273,220.0,17.0,11.1,23.0,517.0,6.0,12.0,540.0,2.0,4.6,0.04,6.7,0.96,1421.0,LAKE,0
-2.02506457809653,0.6723065571873129,-1.8069363845388415,-0.5138193805159564,-1.148925500209892,-0.6443200069162309,260.0,20.0,2.0,24.0,378.0,4.0,25.0,630.0,0.1,5.9,0.22,6.5,0.77,1452.0,LAKE,0
-2.1785648509565547,-0.0591243949992144,-1.4228208502395383,0.6797857083001452,1.2787865388452853,0.447798711040397,94.0,23.0,2.4,27.0,725.0,4.0,31.0,280.0,0.1,5.7,0.15,7.9,0.84,3007.0,LAKE,0
-1.4031164235764448,-0.2343408575774919,-0.5887681686157779,1.683741529011313,0.0394810120301464,0.0248783147793239,2.0,26.0,3.0,32.0,615.0,6.0,2.0,170.0,2.0,5.0,0.32,7.2,1.05,3008.0,LAKE,0
-1.4576845320431155,0.0153374394991718,-0.9238711854103336,1.5766481542595228,-0.4574164695560502,-0.1099873929735701,93.0,26.0,3.0,31.0,531.0,5.0,2.0,490.0,1.0,4.9,0.14,7.0,2.05,3009.0,LAKE,0
-1.0973636829376845,-0.4169423945696034,-1.1426437387342323,1.4823755343303515,0.1423340103163322,-0.0423499791739351,120.0,26.0,3.0,30.0,1657.0,4.0,2.0,1300.0,1.0,5.0,0.32,7.2,1.85,3010.0,LAKE,0
-0.4806978507587606,-1.113744865389812,-0.4512680450700899,1.8874128023640229,0.7421971303051157,-0.3689087095789662,45.0,26.0,4.0,32.0,3294.5,6.0,2.0,330.0,2.0,4.8,0.32,7.3,2.21,3011.0,LAKE,0
2.8790936411227395,-3.243758017630229,0.6549327729854688,-0.1830461503450682,-0.4562177750230132,0.0276598293016215,540.0,25.0,28.0,31.0,1566.0,6.0,14.0,1600.0,7.05,0.4,2.3000000000000003,6.9,14.855000000000002,1391.0,LAKE,0
-1.0048472583547514,-0.3843554335748386,-1.2539072480362463,1.5031474002211485,0.0511632381877868,-0.1160078744038431,8.0,27.0,3.0,30.0,602.0,3.0,2.0,154.0,2.1,4.0,0.29,7.2,2.1,1789.0,LAKE,0
0.6443444167647637,-1.6481452330044355,0.1626696160327968,0.1895464900208599,-0.0994328581764912,-1.0175688055123693,24.0,22.0,20.0,29.0,1630.0,7.0,2.0,430.0,2.7,0.1,0.7,7.1,8.0,2340.0,LAKE,0
2.132760338460874,-2.565283862366347,0.5117906965834037,0.6616866057610937,-0.4643419662259528,-0.5554600020318843,36.0,26.0,20.0,32.0,1547.0,6.0,2.0,1600.0,6.0,0.1,1.1,6.9,14.855000000000002,2341.0,LAKE,0
3.6362655578059937,-3.760279483504152,0.0483537866157911,-0.2421021005409483,0.1163903042236941,-0.4503593332611221,70.0,26.0,35.8,29.0,2710.0,3.0,2.0,1600.0,7.05,0.1,2.3000000000000003,7.0,14.855000000000002,2342.0,LAKE,0
-1.041088455353956,-0.3865362890173173,-2.0611284814234105,0.9093381125355834,0.3955584886834697,0.2473261069567295,2.0,27.0,4.0,27.0,274.0,0.0,2.0,70.0,2.1,5.8,0.01,7.4,7.0,3068.0,LAKE,0
-0.8666157538983128,-0.3989891322297793,-1.0477600512310297,1.2194212772936184,-0.54661550402125,-0.2084083686077102,10.0,26.0,4.0,30.0,699.0,4.0,2.0,280.0,2.0,4.2,0.4,6.9,3.5,3069.0,LAKE,0
2.9039342284096588,-3.1176319198206417,0.4462278178921557,0.4728225861098534,0.3053956525848479,-0.8389964601660744,49.0,26.0,35.8,31.0,2496.0,5.0,2.0,1600.0,6.0,0.1,1.64,7.1,12.0,3070.0,LAKE,0
1.791154775331828,-2.057775900202621,0.4541538499896971,0.992936485863316,-0.538970624423356,-1.1128610988900638,36.0,26.0,28.0,32.0,1414.0,6.0,2.0,540.0,4.0,0.1,0.4,6.9,14.855000000000002,3071.0,LAKE,0
2.6936538094669684,-3.1859948526933803,0.3127183765440457,-0.1477166729415573,-0.4996964945855439,-0.2067792145363115,26.0,25.0,28.0,30.0,1776.0,5.0,8.0,430.0,6.0,0.1,2.04,6.9,14.855000000000002,3072.0,LAKE,0
2.5773796713058688,-2.5210027570688913,0.588812145155427,0.0619198166805593,0.1059354301876445,-1.5524090010303822,150.0,24.0,32.0,30.0,1728.0,6.0,17.0,1600.0,7.05,0.1,0.7,6.9,14.855000000000002,3073.0,LAKE,0
1.1000388951911313,-1.6826121677868444,-0.3806612959420888,0.7710170435102898,0.3950947340569489,-1.0739324495708706,130.0,26.0,12.0,30.0,1144.0,4.0,14.0,920.0,7.05,0.3,1.18,7.0,1.51,3074.0,LAKE,0
1.5582842123476188,-2.275830595505456,1.403544887007488,1.338541985566858,-0.4257522214237297,-0.7278415677898165,32.0,25.0,34.0,35.0,2021.0,10.0,2.0,430.0,2.9,0.1,1.4,7.0,7.87,4229.0,LAKE,0
1.4896665476387796,-2.4025975663612376,1.047980361960024,0.456197842461126,-0.4863802124036516,-0.4985037685421065,36.0,23.0,28.0,32.0,1894.0,9.0,2.0,430.0,2.6,0.1,1.0,7.1,14.855000000000002,4235.0,LAKE,0
3.5742898709331534,-3.670380901581104,0.2882973252787388,-0.1193062894783964,-0.3206848787639252,-0.5428835897071149,46.0,26.0,35.8,30.0,2518.0,4.0,2.0,540.0,7.05,0.1,2.3000000000000003,6.8,14.855000000000002,4667.0,LAKE,0
2.8860801339755744,-2.861342914669245,0.1821535948705874,0.3152433918376556,0.0623628817699466,-1.3153100520440486,20.0,26.0,32.0,30.0,1992.0,4.0,2.0,430.0,7.05,0.1,1.0,6.9,14.855000000000002,4668.0,LAKE,0
2.77119458996176,-3.3671739276968844,0.8568997375333426,-1.340163711404366,-0.63327796753414,-0.6473044636147085,36.0,20.0,32.0,28.0,2485.0,8.0,12.0,540.0,6.0,0.1,2.3000000000000003,6.7,14.855000000000002,4669.0,LAKE,0
0.5972198184304078,-1.0545800001036911,-1.0601228360169026,1.2749896765672584,-0.3332167268777015,-1.3713002219403407,17.0,27.0,18.0,29.0,1360.0,2.0,2.0,220.0,2.2,0.1,0.3,6.9,4.1,4670.0,LAKE,0
0.7467878641973371,-2.005671853300893,1.942565426976403,0.9259654643295592,-0.0611103152534653,-0.6434662060230251,36.0,22.0,22.0,35.0,1480.0,13.0,4.0,430.0,4.0,0.1,1.0,7.2,8.5,4672.0,LAKE,0
1.2016685807883742,-1.7489965358529904,1.281996434990737,-0.6699797348116905,0.3806486900193155,-2.2373857196137807,26.0,18.0,34.0,29.0,1553.0,11.0,4.0,920.0,6.0,0.1,0.8,6.9,5.0,4673.0,LAKE,0
0.4815891917425606,-2.0960151421636013,0.5805462555147358,-0.8195792652515185,0.0410793337618891,-0.2212697525426703,15.0,19.0,12.0,28.0,1216.0,9.0,2.0,430.0,4.0,0.3,1.2,7.3,11.4,4674.0,LAKE,0
2.998156911606984,-3.1721693822913575,0.2033967558010196,0.0079057588348438,-0.2465826639975143,-0.5936587710579828,70.0,26.0,32.0,30.0,1642.0,4.0,2.0,430.0,7.0,0.1,1.8,6.9,14.855000000000002,4676.0,LAKE,0
2.8886112404983986,-3.322830388340672,0.130746111693912,-0.055086542978765,-0.38311976876761,-0.1608534392668278,49.0,26.0,25.0,30.0,1800.0,4.0,2.0,480.0,7.0,0.1,2.1,6.9,14.855000000000002,4677.0,LAKE,0
1.9146237096503536,-2.4310500564116797,1.289054862044836,-0.7964516016054342,0.4427404384772684,-1.8302790047752584,70.0,19.0,32.0,29.0,1820.0,10.0,5.0,540.0,7.05,0.1,0.8,7.0,12.0,4678.0,LAKE,0
2.327747540975905,-2.96268994954104,2.2741969280806447,0.3576100032828873,-0.1385376040776074,-1.0050909184676808,79.0,22.0,35.8,35.0,2299.0,13.0,8.0,540.0,7.05,0.1,2.3000000000000003,6.8,5.7,4679.0,LAKE,0
-0.4005723989347962,-0.224423475115412,-1.7449453297032764,1.2680372367419783,-1.0942049147919095,-0.5281097916536907,17.0,28.0,12.0,29.0,640.0,1.0,2.0,170.0,2.0,5.5,0.36,6.5,4.2,4680.0,LAKE,0
-1.3404437731587893,-0.325447051106564,-1.257082974262513,1.6054033052119936,0.7632907816618478,0.1326733785280194,26.0,27.0,2.8,30.0,376.0,3.0,2.0,240.0,2.0,4.4,0.1,7.6,2.0,4681.0,LAKE,0
0.7365812118401937,-1.238954458904285,-1.24294505722413,1.1149463216947135,0.4118398739920106,-1.30064952775638,74.0,27.0,18.0,28.0,1480.0,1.0,18.0,430.0,3.0,0.1,0.3,7.2,4.0,4682.0,LAKE,0
-0.3818894777389803,-0.6043302899638779,-1.5685700798665396,1.2346436951487774,0.42585342500348,-0.7596549186347802,22.0,27.0,12.0,28.0,715.0,1.0,2.0,120.0,2.2,2.2,0.2,7.3,1.74,4683.0,LAKE,0
-0.9577822601412632,-1.3320016007205766,0.3650356605337296,-1.3013133850746366,-1.1524427220355524,0.9892125454776572,84.0,17.0,4.0,28.0,950.0,11.0,3.0,350.0,2.2,5.2,2.1,6.8,7.29,4684.0,LAKE,0
-0.7380308469533218,-1.335891658185786,-0.1277406214576884,-1.7218619007280958,-1.1255257351290926,1.02809187300345,240.0,17.0,5.0,26.0,762.0,9.0,3.0,1600.0,2.4,5.2,2.16,6.8,8.33,4685.0,LAKE,0
-0.3403595062734957,-1.4389179057182415,-0.2494580705590789,-1.611811978835237,-1.4772707690137497,0.7283989688706456,36.0,18.0,5.0,26.0,903.0,8.0,3.0,540.0,2.8,5.7,1.49,6.6,14.855000000000002,4686.0,LAKE,0
-0.0833562939746658,-1.8876782267967456,-0.5169358833898547,-1.989430970908309,-1.6872794423752309,1.3603623891586132,13.0,18.0,5.6,25.0,1220.0,7.0,4.0,430.0,2.2,5.8,2.3000000000000003,6.6,14.855000000000002,4687.0,LAKE,0
-1.0904063553562435,-0.453570224968822,-2.408737095709517,-0.4014118788875985,-0.5131551438389285,0.5555270735245285,33.0,24.0,3.0,24.0,283.0,0.0,2.0,110.0,2.1,6.5,1.24,6.9,3.25,4688.0,LAKE,0
2.9325706641712084,-2.9874768988960914,-0.1168188010130113,-0.1641031018477427,-0.3399380289977399,-0.7195667086530615,79.0,26.0,34.0,29.0,1346.0,3.0,2.0,430.0,7.05,0.1,2.01,6.8,12.0,4690.0,LAKE,0
2.298551971981192,-2.470370283455783,1.2280125978258438,-0.0450036806574964,-0.2057453661806852,-1.6671265882139796,84.0,22.0,35.8,31.0,1883.0,9.0,2.0,920.0,6.0,0.1,0.8,6.8,14.0,4691.0,LAKE,0
1.341475702681428,-2.159499714879796,0.1760122554102037,-1.2908736365808664,-0.4610689521217354,-1.0738513792649431,79.0,19.0,20.0,26.0,1503.0,7.0,8.0,540.0,5.0,0.1,1.2,6.8,12.0,4693.0,LAKE,0
3.315377474666921,-3.4366802886478793,0.2040760018769853,-0.5039501022182895,-0.4276986130699457,-0.4831601689932946,79.0,25.0,35.8,29.0,1818.0,4.0,2.0,920.0,7.05,0.1,2.3000000000000003,6.8,14.855000000000002,4696.0,LAKE,0
0.7844395994752557,-2.9468044106923994,-1.3919907331863668,-0.3045647189821285,1.518165714547482,2.486134403866664,5.0,27.0,6.0,27.0,561.0,0.0,5.0,33.0,6.0,5.2,2.3000000000000003,8.2,14.855000000000002,4697.0,LAKE,0
3.083125457672667,-3.2899504610966788,0.5121224164631382,0.2309026787312504,0.0808926972078361,-0.7052220640677065,34.0,26.0,35.8,31.0,2014.0,5.0,2.0,430.0,7.05,0.1,1.9,7.0,13.0,4698.0,LAKE,0
-0.1642711590103559,-0.5149354317793031,-1.1882478326193513,0.7914974092180734,-0.9443671029126308,-1.2202576054386975,115.0,25.0,8.0,28.0,959.0,3.0,2.0,540.0,2.1,1.2,0.3,6.6,3.0,4699.0,LAKE,0
1.7798441780118872,-2.542323576376675,0.9155433541422932,-0.8108364539558314,-0.5579223771094675,-0.8781460612757859,94.0,20.0,28.0,29.0,1737.0,9.0,2.0,540.0,5.0,0.1,1.62,6.8,12.0,4701.0,LAKE,0
2.5299834467029916,-3.301741805518322,1.0077132472767492,-0.8063556417777525,0.307620849108838,0.0869517563405218,280.0,22.0,34.0,30.0,1793.0,8.0,13.0,1600.0,7.05,2.1,2.3000000000000003,7.2,14.855000000000002,4702.0,LAKE,0
3.334209968248785,-3.5720370903798,0.296909135924384,-0.1483519212509168,-0.0929680203991753,-0.2826670944017573,49.0,26.0,35.8,30.0,1916.0,4.0,11.0,430.0,7.05,0.1,2.3000000000000003,7.0,14.855000000000002,4705.0,LAKE,0
1.424045245104456,-2.6349696429028406,-0.2095327322802254,0.5700952276253872,1.2885742362720158,-0.1093915403952158,20.0,26.0,14.0,30.0,1669.0,4.0,2.0,350.0,7.05,0.3,1.9,7.6,3.41,2344.0,POND,0
3.684334505726403,-3.457930134516752,-0.4804195681364389,0.4016239729559552,0.17490487295155,-1.2046527289752706,58.0,28.0,35.8,29.0,3294.5,1.0,2.0,430.0,7.05,0.1,1.9,6.8,11.0,2345.0,POND,0
-1.0105388478821409,-0.6406550830382743,-1.4939564315652412,1.2754677389341966,0.5452679268605268,0.3344632006184498,2.0,27.0,3.2,29.0,590.0,2.0,2.0,58.0,2.1,4.2,0.6,7.5,2.0,2346.0,POND,0
2.6818605782628153,-2.62919888929194,2.3942444803476435,-0.519627578209455,-0.6300077175704063,-2.58987673324711,350.0,18.0,35.8,32.0,3294.5,14.0,2.0,1600.0,7.05,0.1,0.64,6.3,14.855000000000002,2347.0,POND,0
1.3963968270240237,-1.639539983677707,-0.444340213079971,1.0901489758061598,0.4516557859158888,-1.4731143885614648,36.0,27.0,18.0,30.0,1256.0,3.0,2.0,1600.0,6.0,0.1,0.2,7.1,8.0,2357.0,POND,0
2.577575152486124,-2.3964229125716647,0.7679679449081941,0.8777060409369308,0.5336236654280541,-1.7684992433174933,49.0,26.0,35.8,32.0,1615.0,6.0,12.0,1600.0,7.05,0.1,0.2,7.1,14.855000000000002,2359.0,POND,0
2.371974590788138,-2.3797699661384795,0.0274389846507185,0.4582971842151631,-0.4989723888072268,-1.2096208589160602,70.0,26.0,32.0,30.0,1549.0,4.0,2.0,540.0,5.0,0.1,0.8,6.8,14.855000000000002,3075.0,POND,0
2.9710420704956984,-3.178404962781744,0.7886344968042189,0.4251994870620937,-0.0057256755223154,-0.7385388126271011,84.0,26.0,34.0,32.0,1864.0,6.0,2.0,540.0,7.05,0.1,1.57,7.0,14.855000000000002,3076.0,POND,0
1.5942269207630706,-2.0426881464804043,-0.7765382241457746,0.7174851241442964,0.4125487235354579,-1.0267450951953296,49.0,27.0,12.0,29.0,1667.0,2.0,15.0,920.0,7.05,0.1,1.2,7.0,4.1,3077.0,POND,0
2.945122397031622,-3.0095487922705986,0.7949645305993432,0.4555264510010055,0.0564770381686818,-0.8561170641293006,130.0,26.0,35.8,32.0,1716.0,6.0,22.0,920.0,7.05,0.1,1.5,7.0,14.0,3078.0,POND,0
1.8854133379135247,-2.6079371595844174,-1.143167911964293,0.4072899642266204,1.111084861371197,0.1615923351484982,356.0,28.0,15.0,28.0,1498.0,0.0,45.0,1500.0,7.05,0.3,2.3000000000000003,7.5,2.83,4236.0,POND,0
-0.6550661203379549,-0.7695235710145854,-1.4092894789361514,1.3148459740033682,0.4965403492228764,-0.0647647591625114,23.0,27.0,5.0,29.0,990.0,2.0,2.0,130.0,2.3,3.4,0.5,7.4,2.2,4665.0,POND,0
1.1755379803184387,-2.0562532517605323,-0.4005695811137402,0.132754442658339,-1.04347533888031,0.0730568912444538,32.0,25.0,16.0,29.0,880.0,4.0,2.0,350.0,3.0,0.8,1.2,6.9,14.855000000000002,4675.0,POND,0
-1.347379798605722,-0.2896801005486872,-1.8801257149677884,1.1933463873624808,0.6652879222795661,0.2928857109156648,2.0,27.0,3.0,28.0,380.0,1.0,2.0,39.0,2.0,5.6,0.3,7.5,2.0,1447.0,TANK,0
-1.1483853652508251,-1.378686900376804,0.6074852761676153,-1.5364651653819792,-0.7400303038430845,1.145679133518115,13.0,16.0,4.0,28.0,582.0,12.0,2.0,110.0,3.0,5.6,2.14,7.0,7.32,1464.0,TANK,0
0.2335354409065613,-2.718032745956182,2.361017654438501,-0.634896799278919,-0.8763375438632572,1.2936556559526424,13.0,17.0,7.0,34.0,2938.0,17.0,2.0,120.0,3.8,5.6,2.3000000000000003,6.9,14.855000000000002,1780.0,TANK,0
0.8705788215184911,-2.8265983449735175,1.1265153783219564,-1.1125194708921458,-0.9619879729896044,0.790245724949987,26.0,18.0,9.0,30.0,3294.5,12.0,2.0,110.0,4.0,4.9,2.3000000000000003,6.7,14.855000000000002,1783.0,TANK,0
3.286973189302247,-2.977399132923052,0.8508529087021776,1.2127116218491782,0.2308733387005803,-1.9982063600294164,36.0,27.0,35.8,33.0,3294.5,6.0,2.0,540.0,7.05,0.1,0.5,6.8,14.855000000000002,2343.0,TANK,0
1.1164012332554096,-2.8762871807268464,-0.897939816118468,-1.3087417575332847,-0.6584306573145354,0.9923731923777748,4.0,21.0,5.4,25.0,3294.5,4.0,2.0,79.0,3.0,4.1,2.3000000000000003,6.9,14.855000000000002,2348.0,TANK,0
3.2296787785525045,-3.2237474781582063,0.5004397247139225,-0.0410745127605084,0.2066064900243099,-0.9309773595638308,430.0,25.0,35.8,30.0,2343.0,5.0,14.0,1600.0,7.05,0.1,1.6,7.0,14.855000000000002,2358.0,TANK,0
-1.0940153021310095,-0.7129350991064383,0.4718902659110708,-0.3251803195025635,-0.5268204744209805,-0.5135694743929661,8.0,18.0,6.0,29.0,1321.0,11.0,2.0,84.0,2.0,4.2,0.3,6.9,8.21,3084.0,TANK,0
2.016756792426097,-2.1032021013475166,-0.5767243105321725,0.6166155257341439,-0.7831627491605807,-0.8447432828989165,39.0,27.0,35.8,29.0,1296.0,2.0,2.0,540.0,2.1,0.1,0.8,6.9,14.855000000000002,3085.0,TANK,0
-0.6667519322382272,-1.0987122938666505,-0.2667297862772965,-0.8239012765063021,0.2687070021186022,-0.5750516326849705,9.0,18.0,6.4,26.0,2083.0,8.0,2.0,84.0,3.0,5.0,0.32,7.1,9.18,3086.0,TANK,0
0.9784086920599536,-2.126943217140566,-1.5953542302963462,0.1592810891494396,-0.1983355714159168,0.6437139777337062,70.0,27.0,10.0,27.0,1332.0,0.0,14.0,350.0,4.0,2.0,2.3000000000000003,7.1,4.6,4222.0,TANK,0
1.6577116739225142,-2.4756282411865755,-0.824540369362484,-0.085165422100375,0.3569422571143918,0.0592587330269983,26.0,26.0,18.0,28.0,1290.0,2.0,20.0,430.0,7.05,2.1,2.3000000000000003,7.1,5.0,4223.0,TANK,0
-0.6876765051169411,-0.5978061740284071,-0.7780275789481483,1.5210244994345312,-0.2907933228467894,-0.4285583052693801,13.0,26.0,4.0,31.0,1808.0,5.0,2.0,70.0,2.0,4.8,0.2,6.9,4.0,4225.0,TANK,0
1.949572261677713,-2.258502296908851,-0.5384009196657433,1.5574887837864408,-0.0139810246300146,-0.6980262522593809,27.0,30.0,12.0,32.0,1686.0,2.0,2.0,920.0,7.05,0.3,1.2,6.9,6.9,4228.0,TANK,0
1.0675711236495975,-3.1558993745550015,2.6356866802289027,0.6587776498070468,-1.0456445481233665,1.130692837641092,27.0,21.0,12.0,37.0,3075.0,16.0,2.0,920.0,2.1,0.9,2.3000000000000003,7.1,14.855000000000002,4230.0,TANK,0
-0.974082501240256,-1.5950201110505229,2.0554766585025974,0.6914899180177375,-1.3719764163041506,1.825623796476035,5.0,21.0,3.4,37.0,625.0,16.0,2.0,110.0,2.1,5.0,2.16,7.0,9.0,4231.0,TANK,0
-0.5991284792883889,-1.7121350956490973,1.4351587232400569,1.1652601205272,-1.3043030921252543,1.9758251320851024,68.0,24.0,4.2,37.0,943.0,13.0,2.0,70.0,2.1,5.8,2.08,7.0,10.37,4232.0,TANK,0
1.5421309053434875,-3.029883624263767,2.5695199400182944,0.3101647634211734,-1.6417807666336433,0.4656955997240859,17.0,21.0,10.0,37.0,3294.5,16.0,2.0,220.0,6.0,4.0,2.3000000000000003,6.3,14.855000000000002,4233.0,TANK,0
1.3505129034915992,-1.6970710184932485,0.5175293212271698,1.046215055607842,0.1424027298480266,-1.682019141977768,33.0,25.0,22.0,32.0,1558.0,7.0,5.0,920.0,6.0,0.1,0.5,6.9,6.0,4237.0,TANK,0
0.2377072679827609,-1.8465563396990043,-0.7445231349837448,-0.9745865393473674,-0.6561999566827726,0.5756661997736249,24.0,21.0,5.0,26.0,1680.0,5.0,2.0,280.0,3.4,5.0,1.28,6.9,14.855000000000002,4238.0,TANK,0
0.1485295594430747,-2.220660987733233,0.0724997436636874,-1.9482610965079945,-1.3499923260179194,1.1510573911611672,92.0,17.0,5.2,26.0,1861.0,9.0,3.0,240.0,2.8,5.0,2.3000000000000003,6.7,14.855000000000002,4239.0,TANK,0
-0.5604407892387244,-1.3959157625148269,-1.9620183351058,-0.9479201097473796,-0.2619793669266994,1.3415726006338518,4.0,23.0,3.2,24.0,325.0,1.0,2.0,22.0,2.8,4.9,2.3000000000000003,7.2,4.14,4240.0,TANK,0
0.61840579397919,-2.6174301699124576,-0.2582087648809629,-1.5226881145296014,-0.8395245376713427,1.1362436295768972,68.0,19.0,5.8,26.0,2680.0,7.0,2.0,130.0,2.8,4.5,2.3000000000000003,6.9,14.855000000000002,4241.0,TANK,0
0.2224484703197298,-2.2672824056715353,0.3143745929670276,-2.1216917943240414,-1.4780926966520864,0.9143907055518696,12.0,16.0,6.0,26.0,1962.0,10.0,2.0,94.0,3.0,4.6,2.3000000000000003,6.6,14.855000000000002,4242.0,TANK,0
2.192904105832721,-3.1371618658735283,0.4704266691199792,-1.8469963900945896,-0.4964575805425297,-0.3984414548566135,33.0,18.0,35.8,26.0,3294.5,8.0,2.0,210.0,4.2,3.5,2.3000000000000003,6.7,14.855000000000002,4243.0,TANK,0
0.0059170485338047,-2.1419201932427416,-0.77943200859794,-2.07087043366718,-1.1448641396476735,1.4142128501970497,6.0,18.0,3.6,24.0,1843.0,6.0,2.0,63.0,2.4,6.0,2.3000000000000003,6.8,14.855000000000002,4244.0,TANK,0
0.7450812119264266,-2.5167773118814907,-1.0770973110425872,-1.6103903513253477,-0.7463229251705789,0.915934998471268,15.0,20.0,5.0,24.0,3013.0,4.0,2.0,70.0,3.0,5.4,2.1,6.8,14.855000000000002,4245.0,TANK,0
1.7351333175866548,-3.2925153751614156,-1.868423319403434,-2.803563433508207,0.8391564652400413,0.4413668978137453,2.0,19.0,7.0,19.0,3294.5,0.0,2.0,70.0,7.0,4.7,2.3000000000000003,7.2,14.855000000000002,4246.0,TANK,0
-0.1332508050438485,-0.9541193471474528,-0.7042750876843898,1.0230558476337317,0.540017462247029,-0.8943083259879493,26.0,25.0,16.0,29.0,1010.0,4.0,2.0,430.0,2.2,1.0,0.3,7.4,3.0,4247.0,TANK,0
1.2216282654778396,-1.5258723120432578,-0.8668132839080727,0.8734951647629531,-0.5190823416996946,-1.147214885974204,22.0,27.0,18.0,29.0,1124.0,2.0,2.0,540.0,4.0,0.1,0.6,6.8,8.0,4248.0,TANK,0
0.8583699980609684,-1.3719038485648551,-0.9215188456112668,1.2352721009852454,0.5233170263297748,-1.390641483046705,38.0,27.0,18.0,29.0,1585.0,2.0,8.0,430.0,3.8,0.1,0.3,7.2,4.0,4249.0,TANK,0
0.4525844428878697,-2.5540655316717467,0.4273751817217037,-1.355520026294121,-1.230697315232003,1.0854565707516313,9.0,18.0,5.0,28.0,2979.0,10.0,2.0,84.0,2.6,5.0,2.3000000000000003,6.7,14.855000000000002,4302.0,TANK,0
1.7894333103515891,-2.2598936558736114,-0.3625167432695253,0.3514966156028605,-0.3079146573171905,-0.5588328927319661,26.0,26.0,26.0,29.0,1030.0,3.0,2.0,350.0,4.0,0.1,0.88,7.1,14.855000000000002,4689.0,TANK,0
1.982318721158522,-1.88129503966718,-0.1753443694098009,0.4036966158756854,-0.1049851741821458,-1.9893707638448317,94.0,25.0,30.0,29.0,1620.0,4.0,2.0,540.0,6.0,0.1,0.62,6.7,8.0,4700.0,TANK,0
2.2438438131611083,-2.653165687549781,0.9317964321718863,-0.1802819110960712,0.6947773502543072,-1.470356087345501,110.0,22.0,34.0,30.0,2158.0,8.0,17.0,920.0,7.05,0.1,1.4,7.1,8.0,4703.0,TANK,0
2.455205282612468,-2.3137508200668915,-0.1493139682073506,0.7685299628981535,-0.0019929130310007,-1.6034419395720934,41.0,27.0,30.0,30.0,1720.0,3.0,2.0,430.0,6.0,0.1,0.3,6.9,14.855000000000002,4704.0,TANK,0
-2.01791781224501,0.2258905280078508,-0.6730454923336494,0.8809399392386096,-0.4946993543192616,0.0588041066760949,38.0,23.0,1.4,30.0,179.0,7.0,15.0,150.0,0.9,5.7,0.3,7.0,1.28,1727.0,LAKE,0
-1.3251585714946872,-0.2677252317831695,-0.6481072682082897,0.4180683101075136,-0.9069571369164956,-0.1200515819832923,58.0,22.0,2.7,29.0,1229.0,7.0,25.0,280.0,1.0,5.1,0.78,6.7,1.92,1728.0,LAKE,0
-2.002584774907792,0.1850001695275559,-0.778571922312986,0.4576653654558119,-1.0547968989835692,0.2098869612621038,47.0,22.0,1.4,29.0,191.0,7.0,17.0,170.0,0.1,5.4,0.69,6.8,1.18,3391.0,LAKE,0
-2.1515534069517512,0.3307126746977318,-0.4932947474968106,0.7749602672584532,-0.8230868606976728,-0.0500473693036107,48.0,22.0,1.3,30.0,166.0,8.0,15.0,240.0,0.1,5.0,0.31,6.9,0.89,4192.0,LAKE,0
-1.7181940577314594,0.504575672051434,-1.0076375089270424,0.6529286394755535,-1.7378568859418044,-0.5429361442409147,58.0,23.0,1.6,29.0,161.0,6.0,15.0,220.0,0.7,5.2,0.3,6.3,1.17,4193.0,LAKE,0
-2.045871021234123,0.4388732882431856,-0.7959051470268719,0.5571678892610893,-1.0180857044743674,-0.2291268261391182,58.0,22.0,2.3,29.0,181.0,7.0,17.0,210.0,0.5,5.8,0.27,6.7,1.17,4642.0,LAKE,0
-2.0861590234103353,0.3899670389890258,-0.7824264160173231,0.5989882897290295,-0.9415649666320286,-0.1494375296329801,63.0,22.0,1.8,29.0,184.0,7.0,17.0,150.0,0.1,5.3,0.27,6.8,1.28,4643.0,LAKE,0
-2.0645562733149077,0.4226868580974929,-0.8025991760227628,0.5554442095733215,-1.086623159565706,-0.1643118509560919,58.0,22.0,1.6,29.0,169.0,7.0,17.0,210.0,0.3,5.6,0.32,6.7,1.19,4644.0,LAKE,0
-2.5061940866642973,0.3801994036084685,0.5537886580637208,-1.4130354892022756,-1.628036874545872,-0.5652546144913778,38.0,13.0,1.6,27.0,169.0,14.0,17.0,130.0,0.6,5.0,0.7,6.4,1.72,3392.0,POND,0
-2.000154811278602,0.1168946660965468,-0.7610513623852243,0.4174635853227344,-0.7847687906719786,0.3116575641778014,40.0,22.0,1.6,29.0,193.0,7.0,17.0,130.0,0.6,6.0,0.68,6.9,1.65,3393.0,POND,0
-1.8251123498994368,0.2366825570580096,-0.5024861678240824,0.4903959186028627,-1.5306955209426212,0.0700579688043757,63.0,22.0,2.1,30.0,192.0,8.0,25.0,220.0,0.7,6.0,0.68,6.5,2.27,3394.0,POND,0
-2.229571469833378,0.2793628177874065,-0.8053858832559256,0.5489978895251435,-0.6167907321852919,0.2677058543430067,58.0,22.0,1.5,29.0,173.0,7.0,15.0,150.0,0.1,6.1,0.46,7.0,1.29,3395.0,POND,0
-2.0072790587738036,0.2986096094124547,-0.7988407018081748,0.4592030485144017,-1.0853044217447685,0.0209795348252572,31.0,22.0,1.4,29.0,174.0,7.0,17.0,120.0,0.6,5.9,0.55,6.7,1.09,3396.0,POND,0
-1.7559745792702666,0.2999953140633244,-0.7464806280978773,0.4255999910246548,-1.3598057067913245,-0.3339916804781565,48.0,22.0,2.0,29.0,172.0,7.0,15.0,140.0,1.1,5.3,0.48,6.5,1.25,4194.0,POND,0
-1.908531217394077,0.445993357337913,-0.8161742810862298,0.5062881939705992,-1.7055988931121828,-0.3536718659661902,25.0,22.0,1.3,29.0,179.0,7.0,12.0,120.0,0.1,5.0,0.43,6.4,1.09,4195.0,POND,0
-1.4537823520360351,0.0291795176916127,-0.3414798464961562,0.4471596691060006,-1.093207755783632,-0.2495547560734581,63.0,22.0,4.0,30.0,191.0,8.0,32.0,280.0,2.1,5.1,0.68,6.6,1.51,4196.0,POND,0
-1.864384639653217,0.4894278745835225,-0.8967880544007881,0.3447767091326034,-2.2785905653425407,-0.1832851895238843,39.0,22.0,1.3,29.0,184.0,7.0,15.0,120.0,0.1,6.0,0.75,6.1,1.08,4197.0,POND,0
-1.8576754932181296,0.4579013218303125,-1.0160416049538297,0.6882842269065071,-1.4026698204907204,-0.3313205028266056,49.0,23.0,1.6,29.0,184.0,6.0,15.0,150.0,0.5,5.5,0.31,6.5,1.12,4221.0,POND,0
0.2363970679044593,2.6622211138748364,1.1307058992884136,-1.9182519920983696,2.7474264714107655,1.2735285802504954,10678.0,14.0,6.2,26.0,498.0,12.0,766.0,31301.25,4.8,6.2,0.51,8.0,2.61,1364.0,LAKE,0
0.4722158513823151,0.7562339964193668,0.2356897570741638,-0.1727886137857965,1.757907241810372,0.3783637705767221,4900.0,21.0,4.6,28.0,411.0,7.0,766.0,7000.0,4.0,0.3,0.78,7.8,0.9,2499.0,LAKE,0
3.0573349445662115,1.2609596368678688,3.877626116348068,0.2486257720640483,2.7648802612801315,-0.6280571637079467,10678.0,18.0,35.8,36.0,2460.0,18.0,766.0,31301.25,7.05,1.3,0.51,7.7,2.61,2500.0,POND,0
2.965194187913797,1.6757015179676455,3.1948985587111633,-0.5091813663526774,2.012712767879413,-0.9277795654420316,10678.0,17.0,35.8,33.0,1664.0,16.0,766.0,31301.25,7.05,1.3,0.51,7.3,2.61,2501.0,POND,0
-2.5922937098072456,0.8503562284437217,0.5313998635968734,-2.3397111102777206,0.3687177009904825,0.066915145377887,415.0,10.0,2.6,24.0,470.0,14.0,415.0,620.0,1.0,6.8,0.51,7.2,2.61,1362.0,LAKE,0
-2.739490455498046,0.5013147032631409,0.3294582876942902,-1.8231959735621728,0.3195149224719913,0.16234943547292,220.0,12.0,1.8,25.0,230.0,13.0,220.0,350.0,1.0,6.6,0.51,7.3,2.61,3437.0,LAKE,0
-1.1784819742153758,0.3066679392262045,2.1840874246967488,0.7914633862185709,-0.7265254780546385,0.6891426326612804,1100.0,19.0,5.5,36.0,987.0,17.0,450.0,2800.0,1.1,4.8,0.99,6.9,3.54,1765.0,LAKE,0
0.421267164314661,1.7323931554583163,1.0645401704194848,1.274512910710932,1.937805077438664,1.085504073477345,10678.0,24.0,7.2,34.0,786.0,10.0,200.0,31301.25,4.0,4.8,0.33,7.9,0.61,2503.0,LAKE,0
0.8969343384671454,2.6016136797153795,1.2366769337097223,1.1940424504263591,2.1312293715110755,1.5116711995975738,10678.0,24.0,6.5,34.0,777.0,10.0,766.0,31301.25,3.5,4.5,0.36,7.9,0.77,2504.0,LAKE,0
-0.0285826122484739,1.8738444145646735,0.6560594566189427,1.233795189420208,2.0387388811708727,1.5641074629389151,10678.0,24.0,6.6,33.0,800.0,9.0,200.0,31301.25,2.2,5.5,0.37,8.1,0.63,2505.0,LAKE,0
-0.727045555848455,3.2159400158404985,0.9851930277487164,-0.8700315515567955,-0.341501042935693,0.6781205275223472,10678.0,16.0,2.6,29.0,107.0,13.0,766.0,14000.0,1.2,6.4,0.3,6.7,1.75,2519.0,LAKE,-1
-1.79971012544082,1.6430979524916955,-0.891696299512719,-3.3318634218047354,-0.8132685042321843,-0.8054334788639906,3400.0,10.0,2.8,18.5,128.0,9.0,90.0,17000.0,1.0,5.4,0.3,6.5,2.39,2520.0,LAKE,0
-3.1778300000119,0.8383316477096946,-0.1399749711684971,-2.76505414083007,-0.2289286732352526,-0.5963620798421185,230.0,10.0,1.2,21.0,33.0,14.0,80.0,1100.0,1.0,7.0,0.3,6.9,1.16,2521.0,LAKE,0
-3.0468462190101344,0.8232054620798992,-1.164326181703914,-3.0880846861308173,-0.0947947866471835,-0.702267185203126,170.0,10.0,1.2,18.5,28.0,9.0,70.0,300.0,1.0,7.1,0.3,6.9,0.82,2522.0,LAKE,0
-2.2185071409741486,1.403893752589796,1.3078346002743435,0.7245796644657958,-0.3195913323186951,0.4852267331742442,1700.0,19.0,2.1,34.0,222.0,15.0,450.0,2200.0,1.4,7.9,0.3,6.9,0.3,2539.0,LAKE,0
-1.53664467993651,2.0219875116863992,2.101966590368369,0.5577286182779199,0.9203932764659116,0.945676600681998,4100.0,18.0,4.0,35.0,467.0,17.0,766.0,8400.0,2.9,8.5,0.3,7.3,0.3,2544.0,LAKE,0
-2.077653054239994,0.5771869872808308,-0.3083885357686293,-0.2285102365371535,-0.115153401512462,0.2044168929474467,1300.0,19.0,2.1,28.0,109.0,9.0,90.0,3500.0,1.4,6.7,0.3,7.1,2.76,4720.0,LAKE,0
-3.3562055100782793,0.815167591301032,1.9768732798422155,-1.9482471965414472,-0.1937452344023471,-0.0912823319142411,1300.0,10.0,2.1,27.0,32.0,23.0,70.0,3400.0,1.0,7.1,0.3,7.1,2.76,4725.0,LAKE,0
-2.8952880040709252,0.7196338738063317,-0.9999113043650202,-3.166784794883089,-0.3347517274066366,-0.7482674472898323,260.0,10.0,1.4,18.5,135.0,10.0,60.0,330.0,1.0,6.9,0.3,6.8,2.28,4729.0,LAKE,0
-0.8378497094595562,-0.795811566169725,0.0514480480622155,-0.199391583072467,-0.1809286209506158,-1.059313546460959,4.0,18.0,2.8,28.0,3294.5,10.0,3.0,1600.0,2.2,4.9,0.46,6.7,2.8,1790.0,LAKE,0
-0.8320630160890913,-0.5478921356785135,-0.6167741791301257,1.078924270118014,-0.1175133901744884,-0.4523049777667999,23.0,24.0,4.2,30.0,1950.0,6.0,11.0,1100.0,1.6,5.0,0.0,7.0,5.82,2353.0,LAKE,0
-0.2167779060573575,-0.991596416224342,-1.264937099189271,1.163567381642293,0.6851696224112966,-0.947658160207506,20.0,25.0,5.4,28.0,3294.5,3.0,4.0,1300.0,1.7,3.7,0.0,7.2,3.47,4368.0,LAKE,0
-0.2061072957481521,-0.3420490414344921,1.1382025733765937,2.0495838588955224,-0.5702206762240917,-1.044276394385285,200.0,25.0,22.0,36.0,1098.0,11.0,100.0,1400.0,2.0,3.2,0.0,6.8,4.4,4391.0,TANK,0
-1.3676259787188594,-0.5471248838964553,0.9207328821936972,0.945224393418976,-0.4188846665048552,0.4701272336754259,360.0,22.0,4.8,34.0,273.0,12.0,2.0,1500.0,2.7,4.6,1.1,7.1,2.0,1529.0,LAKE,0
-0.8598317950923963,0.2696253290769745,2.582457680880672,-0.8146211536871405,-1.7586139707887651,-1.3135002184774045,730.0,13.0,18.0,32.0,228.0,19.0,300.0,2000.0,1.3,0.4,0.8,6.3,2.4,2205.0,LAKE,0
-1.8037409030838472,-0.2883613889587569,1.3836799661852373,1.4278442408739882,-0.429997510525855,0.5985197614357511,360.0,22.0,2.6,36.0,213.0,14.0,2.0,2300.0,1.8,4.7,0.8,7.2,2.1,2206.0,LAKE,0
-1.2259258203312486,-0.5806623891681859,0.9762047857261014,0.9541360896453984,-0.4764873916314908,0.3910467688268318,730.0,22.0,4.6,34.0,275.0,12.0,2.0,1500.0,2.6,3.7,1.1,7.1,2.1,2218.0,LAKE,0
-1.126993742290939,0.7259507567134499,-0.9358398013660876,-0.538538361225009,-1.3229475365575507,-0.4060725710177334,730.0,20.0,4.0,26.0,126.0,6.0,300.0,2000.0,1.2,4.1,0.7,6.4,1.3,3804.0,LAKE,0
-2.352721401737269,0.2373152153965223,0.6776932486512117,0.1074919009012774,-0.7231146050785745,-0.0655453310886652,300.0,18.0,2.3,31.0,46.0,13.0,2.0,720.0,1.3,5.5,0.5,6.9,1.3,4337.0,LAKE,0
-0.0988851280768671,-1.1146060046553126,0.7519193055541772,0.5567196891088643,-0.2321819181416136,-0.2177952592760948,730.0,22.0,17.5,32.0,953.0,10.0,2.0,2800.0,2.7,2.0,1.3,7.1,2.8,1263.0,POND,0
-1.467483557213134,0.5982552180668926,1.7058633044117406,-1.4445092792886771,-1.7236494388518286,-0.750180883227053,1100.0,12.0,4.5,29.0,258.0,17.0,300.0,3500.0,1.3,2.0,0.9,6.3,1.9,2207.0,POND,0
-2.4401338838766313,0.1635616909918978,1.2818343530722724,0.7145321159184607,-0.6929615057208651,0.3094394613327092,360.0,19.0,2.8,34.0,42.0,15.0,2.0,730.0,1.2,6.0,0.6,7.0,1.4,2208.0,POND,0
-2.111551511967864,0.5398698098790036,0.6737111784718863,0.180135504809411,-1.332401165452289,-0.6949928252052756,730.0,18.0,3.7,31.0,240.0,13.0,2.0,1500.0,1.1,5.0,0.2,6.5,1.3,2209.0,POND,0
-2.1929766969735196,0.4396663397408997,0.98783048463744,0.3022550577811496,-1.027149089752099,-0.4518993883846621,730.0,18.0,3.7,32.0,85.0,14.0,2.0,1500.0,1.4,5.2,0.2,6.7,2.0,2210.0,POND,0
-1.890025466556045,0.3611162385213185,1.0225331051080422,0.631813456870516,0.5501929883110316,0.9032209552935566,910.0,20.0,6.4,33.0,310.0,13.0,300.0,2000.0,1.6,7.0,0.6,7.5,2.8,2211.0,POND,0
-1.7534456812836705,0.3187749009667657,0.7711584747545931,0.3199269610125091,0.4611890465738485,1.2214536406987213,1500.0,20.0,5.6,32.0,91.0,12.0,300.0,2800.0,1.7,6.8,1.0,7.5,2.3,2212.0,POND,0
-1.6002952340969012,-0.0375424610505656,-0.2977518059989468,0.4168055520291938,0.0224603927881484,0.4817126623751178,1100.0,22.0,7.8,30.0,231.0,8.0,2.0,2700.0,2.0,6.8,0.8,7.2,1.9,2213.0,POND,0
-1.087077636346317,0.2517614350588176,1.65638788351556,1.2324821427115082,-2.517523196910011,-1.0372537456996125,730.0,21.0,8.8,36.0,123.0,15.0,2.0,2700.0,1.6,2.5,0.4,6.0,2.6,2214.0,POND,0
-1.5568607740546,0.3715374932485167,0.945575314901842,1.191701613084601,-0.06771928877612,0.5670007711782021,730.0,22.0,5.4,34.0,83.0,12.0,300.0,2300.0,1.0,4.2,0.6,7.3,1.5,2215.0,POND,0
-1.165095445154532,0.1759532496360527,0.6816179559152016,0.7391484490413951,-0.1768851623386063,0.8038643395903095,1100.0,22.0,5.8,33.0,360.0,11.0,300.0,2800.0,2.3,6.0,1.0,7.1,2.6,2216.0,POND,0
-0.6711201826378875,1.2359394908607415,1.5780266654176107,0.2314266969543766,0.5089683293209658,0.9962096745223812,2800.0,19.0,7.0,33.0,620.0,14.0,700.0,12000.0,2.1,5.4,0.8,7.3,2.7,2217.0,POND,0
-1.2048166956988045,-0.0026929028669394,0.9783782374364688,0.4698650509178118,0.2940523198159002,1.4546627700530357,2000.0,21.0,14.5,33.0,228.0,12.0,300.0,2800.0,1.1,6.4,1.5,7.5,2.5,2219.0,POND,0
-2.16068758821529,0.9618077025411206,2.6924272795708157,0.1420449993096318,-2.2751557732580836,-0.0374692163501205,720.0,15.0,2.6,36.0,195.0,21.0,300.0,2300.0,1.0,6.0,0.7,6.1,2.8,2220.0,POND,0
-2.048895878919347,-0.0474816624894367,1.5911411552588892,1.248193956938524,0.213228844820404,0.9568213970088334,1500.0,21.0,4.0,36.0,58.0,15.0,2.0,4300.0,2.0,6.0,0.8,7.5,1.6,2221.0,POND,0
-1.8459505378904304,-0.2692759316480827,1.708136352468181,1.9004902872279137,-0.6341381736008608,0.8242980747650314,700.0,23.0,4.2,38.0,110.0,15.0,2.0,1500.0,1.2,4.7,0.9,7.2,1.9,2222.0,POND,0
-1.503697541075308,0.3483210166849774,2.3081551688870743,1.5651431793608792,-0.6936229905915471,0.6291549294045506,1500.0,21.0,2.5,38.0,63.0,17.0,300.0,2800.0,1.2,3.1,0.7,7.1,2.4,2223.0,POND,0
-2.007751837757026,-0.2183279091600372,2.399103212504631,1.5036600419100814,-0.6686141149905338,0.4176811315194225,730.0,20.0,2.4,38.0,98.0,18.0,2.0,2100.0,1.2,3.1,0.7,7.2,2.0,2224.0,POND,0
-1.225612531140989,-0.3086359023858452,-0.609876325134027,-0.2836090410680751,-1.2148945787665943,0.3799311905691621,360.0,21.0,3.8,28.0,116.0,7.0,2.0,2800.0,1.6,4.7,1.3,6.7,3.2,2225.0,POND,0
-2.202155723887385,0.769934892351407,0.8485345287913025,0.2458111340953457,-2.1006613260142473,-0.7817024054562016,730.0,18.0,2.8,32.0,40.0,14.0,2.0,910.0,1.2,5.8,0.2,6.1,1.7,2226.0,POND,0
-1.734810024180096,0.4884454321861342,0.2643806154853678,0.2954858113458848,-1.801933065364458,-0.390398048784967,910.0,20.0,3.6,31.0,36.0,11.0,2.0,2800.0,1.3,5.1,0.6,6.3,1.3,2227.0,POND,0
-1.7505168209144883,0.4165332209467137,0.0913841892155587,0.2564862043559269,-0.8923717252191364,-0.2038315506579183,1500.0,20.0,2.6,30.0,57.0,10.0,2.0,3900.0,1.2,4.4,0.4,6.8,1.8,2228.0,POND,0
-1.6773360691911676,0.083707814527779,0.3482120041626299,0.2582076946576758,-1.3479057173465316,-0.0953832481300437,700.0,20.0,2.9,31.0,87.0,11.0,2.0,1500.0,1.5,4.5,0.8,6.6,1.8,3772.0,POND,0
-1.1086042295568668,0.020185531951037,-1.695882773735458,-0.3579882062778874,-1.3434942481174603,-0.6641460317029994,2.0,22.0,3.2,25.0,163.0,3.0,2.0,730.0,2.0,4.1,0.7,6.4,1.6,3806.0,POND,0
-0.4349062133858635,1.038746068203642,1.033639214560477,0.9641887491338312,0.6248578002497662,1.6642734190365822,2700.0,23.0,4.8,34.0,381.0,11.0,720.0,12000.0,1.9,5.1,1.1,7.5,2.5,3809.0,POND,0
-1.782874129585889,0.3784768985220501,0.6410202554892693,0.4891572249995024,-0.8519800593520971,-0.0428493503499959,1500.0,20.0,3.4,32.0,52.0,12.0,2.0,4300.0,1.8,5.2,0.5,6.8,1.7,4006.0,POND,0
-1.8974499037994317,0.0522321093513061,0.2998262813402924,1.568350518755448,-0.3781752418318598,0.3090666235988126,300.0,24.0,2.5,34.0,65.0,10.0,2.0,700.0,1.8,5.8,0.4,7.1,1.5,4334.0,POND,0
-2.314526115847376,0.3731448989183417,0.6883008050179574,0.1687463016676006,-0.8169579751316483,-0.3977838537579335,360.0,18.0,2.2,31.0,28.0,13.0,2.0,600.0,1.5,5.3,0.2,6.8,1.8,1532.0,TANK,0
-1.356300989854251,2.558634373812897,0.2724691226530787,-0.1295787838135511,1.9608351183117232,1.1350673055829663,7000.0,19.0,2.9,29.0,366.0,10.0,766.0,11000.0,2.7,9.3,0.0,7.7,0.18,2557.0,LAKE,0
-1.1647980925000103,2.5633023880759978,2.093654323153014,0.2561350520947461,1.2283192163547954,1.278986850189872,10678.0,17.0,10.0,34.0,905.0,17.0,180.0,31301.25,1.4,9.2,0.12,7.6,1.57,2571.0,LAKE,0
-0.1413331733962105,2.796506512893885,3.077312985595978,-0.1488312385812773,2.8851177269128265,1.296994246777473,10678.0,15.0,15.6,34.0,1200.0,19.0,766.0,31301.25,2.8,7.0,0.06,8.2,2.09,4296.0,LAKE,0
-0.2619589383408406,3.444051405100662,3.1467318199856695,0.5239449483536189,0.4503945440380819,1.11597399844277,10678.0,17.0,3.8,37.0,1020.0,20.0,766.0,31301.25,2.6,7.8,0.0,7.0,2.75,2573.0,POND,0
-0.6029156205450864,3.4787542386838,3.360308425418958,0.406777068469231,0.9352525413846708,1.3157144997105097,10678.0,16.0,4.1,37.0,718.0,21.0,766.0,31301.25,2.5,7.8,0.0,7.3,2.03,2574.0,POND,0
-0.5734159470211942,2.3517592046600373,1.246192429552485,-0.6791076869235461,0.3594351234900738,0.1484787853913278,10678.0,16.0,19.0,29.5,290.0,13.5,2.0,31301.25,1.0,6.2,0.0,7.2,3.0,2046.0,LAKE,0
-1.0986137804477083,-0.0606001354265891,-0.3934961562590993,2.407147328513206,0.3515744748290113,-0.3546948076623348,180.0,28.0,10.8,34.0,790.0,6.0,2.0,1600.0,2.5,5.8,0.0,7.2,0.0,3163.0,LAKE,0
-1.876773605047334,0.1131069275751769,0.7296745604624556,1.132586230653864,0.3651099535483331,-0.5293421994092712,280.0,21.0,8.4,33.0,790.0,12.0,2.0,1600.0,2.4,6.0,0.0,7.2,0.0,3164.0,POND,0
1.3829621889508823,1.7314745546350885,-1.014733436675809,-3.9142145397372303,2.4654808759713207,0.0888361203589173,10678.0,10.0,16.0,18.5,1030.0,0.0,766.0,17000.0,7.05,6.8,0.91,7.4,4.81,3030.0,LAKE,0
3.042693794416947,0.8407069506177007,-0.3830076475070363,-3.4628130694014536,4.456114028446392,-1.375182947481205,10678.0,10.0,35.8,18.5,3294.5,0.0,766.0,22000.0,7.05,2.8,0.31,8.1,4.46,3031.0,LAKE,0
-0.7088738038417742,1.0388343123281212,-0.3608270875708127,0.2868994414331442,-0.3023834135788809,0.0204681991285417,2200.0,22.0,7.1,29.0,303.0,7.0,220.0,16000.0,1.7,4.4,0.51,6.9,0.64,3032.0,LAKE,0
0.9696351812472616,2.5022440989106567,-1.052776762540466,-3.8908988790377577,4.4202650388554865,0.9055538519398044,10678.0,10.0,30.0,18.5,856.0,0.0,766.0,31301.25,7.05,11.65,0.91,8.2,1.13,3476.0,LAKE,0
-0.3848172206175408,-0.6480741359697115,-0.017372334771564,2.3916931238045636,-0.8971907360066803,-0.649986941082006,130.0,27.0,0.8,35.0,3294.5,8.0,45.0,240.0,2.2,5.4,0.51,6.4,0.53,1549.0,LAKE,0
1.1818651349416625,1.5923050373156349,-0.8242775305018872,1.429472499411748,-1.2447448287047544,-0.4851268457243574,4900.0,27.0,2.7,31.0,3294.5,4.0,766.0,9400.0,2.2,6.0,0.51,5.800000000000001,0.14,2269.0,LAKE,0
-1.4418283721168497,0.5110843301882675,-1.2740192008975373,1.6526876434993083,-1.2289771023436735,-0.6039686579393355,110.0,27.0,2.1,31.0,177.0,4.0,2.0,170.0,2.2,6.3,0.0,6.4,0.49,3175.0,LAKE,0
1.0421736357742446,0.791657611692852,-0.6700867710838336,1.188208996588056,-0.6302912541459406,-0.7293368487948843,4900.0,26.0,6.0,30.0,2386.0,4.0,490.0,7900.0,2.2,2.2,0.51,6.4,0.36,3176.0,LAKE,0
0.0659843077871945,0.0121465922972573,-1.1085380800577835,1.4387640088881188,-0.9013216467697632,-1.1683335443854068,1700.0,26.0,3.0,30.0,3294.5,4.0,78.0,5400.0,2.2,5.7,0.05,6.2,2.15,3177.0,LAKE,0
0.3091097292004013,0.6189650947264861,-1.024429998876163,1.0767688053538775,-1.5378840312118276,-0.5237770787584579,4900.0,27.0,12.0,30.0,329.0,3.0,20.0,7900.0,2.2,4.6,0.0,6.3,7.8,3178.0,LAKE,0
2.046904632031634,3.4120358477258073,-0.8336256152299027,1.1116022155700769,-1.468751609154213,-0.1248356114054366,10678.0,28.0,4.2,30.0,441.0,2.0,766.0,31301.25,2.2,1.9,0.0,6.0,2.54,3179.0,LAKE,0
0.2306383747398606,1.0217020538537525,0.5749996107099961,1.9170878047475193,-2.1193177430997205,0.1320482058523134,4900.0,27.0,4.3,36.0,448.0,9.0,200.0,13000.0,2.2,4.1,0.51,6.1,4.89,3180.0,LAKE,0
0.1262104329772956,2.5494057709371942,-0.9472299968422324,0.8136502184879328,-1.2775668919831866,0.347794140565994,4900.0,26.0,5.35,30.0,145.0,4.0,766.0,13000.0,2.2,7.0,0.51,6.1,0.37,4408.0,LAKE,0
0.4671625610212917,-1.6709346703965613,-0.263176094278627,1.2671926281505714,3.553308754579917,-1.3078038260794158,46.0,25.0,24.0,30.0,3294.5,5.0,12.0,540.0,7.05,6.0,0.06,8.1,0.29,1343.0,LAKE,0
-0.749677348358704,-0.2819779947790407,-1.6473893257430037,1.489007406293995,1.110715621691392,-0.5160287453836404,68.0,28.0,13.0,29.0,527.0,1.0,2.0,490.0,4.0,6.1,0.07,7.4,0.21,1344.0,LAKE,0
-3.7565525937567465,0.3324576172191922,2.2007327690841074,-1.3636344045117803,0.1696928163367099,-0.0204576732046814,4.0,10.0,0.7,29.0,322.0,23.0,2.0,47.0,0.3,6.2,0.38,7.4,0.73,1345.0,LAKE,0
-1.7651773154186503,-0.7886033742815604,2.8482600212219253,-0.9394593143759564,0.5091122842279491,-1.4679293574682246,210.0,10.0,11.0,30.3,3294.5,23.0,26.0,640.0,0.9,2.7,0.38,7.2,0.78,1346.0,LAKE,0
-1.1570371857547992,-0.4800991247447586,-2.214517600284523,1.404325220128302,1.697197055051803,-0.093717177953385,120.0,27.0,4.0,27.0,2432.0,0.0,17.0,210.0,1.7,7.1,0.0,7.7,0.3,1972.0,LAKE,0
-0.5721847887825728,-1.166663484074099,-0.720161517648182,1.0885186698036888,0.8834291037321194,-0.2605133041525603,120.0,24.0,6.0,29.0,2682.0,5.0,4.0,350.0,0.7,3.2,0.12,7.6,6.0,1973.0,LAKE,0
-1.174148725557158,-0.2157402535581179,-0.952491751924916,0.4514265017449613,0.4803115321128346,-0.7068181918780425,8.0,23.0,6.3,28.0,532.0,5.0,6.0,21.0,4.1,5.4,0.25,7.1,0.33,1975.0,LAKE,0
-0.2619743072774109,-0.5208117233460234,-1.5298541324617905,-0.0826783653505304,1.4842165229295168,-1.770060500128078,7.0,22.0,35.8,24.0,1736.0,2.0,6.0,33.0,1.9,5.1,0.02,7.4,0.06,1976.0,LAKE,0
-1.12314838925273,-1.087542874609863,-0.9947981399428332,1.4307880655029033,1.912706125075134,0.2405467971071818,120.0,25.0,3.7,29.0,2240.0,4.0,2.0,540.0,0.4,2.7,0.38,8.2,0.74,1977.0,LAKE,0
-1.732599400831871,-0.1344400612386189,-0.9824942064470767,2.141494709922739,0.4733514814213631,0.3059466833702422,26.0,27.0,0.9,32.0,1630.0,5.0,17.0,94.0,0.4,6.6,0.11,7.4,0.48,2076.0,LAKE,0
-1.827777664408435,0.1366898207917849,-1.5846079205437726,1.4544557771384905,0.3123094110443844,-0.0092448885954774,11.0,26.0,1.5,29.0,805.0,3.0,6.0,93.0,0.7,6.0,0.01,7.3,0.17,2077.0,LAKE,0
-1.7311882846978774,-0.0498150246986154,-1.3489669102151385,0.6995376012249404,1.322082548170004,-0.1147333846344018,356.0,23.0,2.3,27.0,1253.0,4.0,45.0,1500.0,1.3,5.4,0.0,7.7,0.05,2078.0,LAKE,0
-1.5145476373950233,-0.5469882191013711,0.0839278058327399,1.984452706728892,1.0444480538995142,-0.150041751473397,5.0,24.0,2.1,33.0,2761.0,9.0,45.0,5.0,0.5,5.0,0.02,7.6,0.31,3197.0,LAKE,0
-1.459809333578721,-0.1845417096316653,-1.2151602986894214,1.1742985831678243,-0.2088208128358999,-0.0871352977913055,49.0,25.0,0.9,29.0,623.0,4.0,4.0,240.0,0.4,3.1,0.36,7.2,0.76,3198.0,LAKE,0
-2.4285244221285907,0.6218670291499295,2.37291625008374,-1.3257406567844403,-2.8069976643008134,-2.3321475088500145,6.0,10.0,1.1,29.0,510.0,23.0,2.0,21.0,0.0,0.0,0.0,5.800000000000001,0.69,3199.0,LAKE,0
1.4128244665531111,-2.041100843815798,-0.1092224283357681,1.4462935908067656,3.750695400473629,-2.0165353882417776,120.0,26.0,35.8,30.0,3294.5,4.0,12.0,920.0,7.05,2.8,0.0,8.2,0.4,3200.0,LAKE,0
1.1534764364142989,-1.976327421301426,-0.4954522386188886,1.312808154746976,3.738790239949282,-1.826408848204166,94.0,26.0,30.0,29.0,3294.5,3.0,2.0,540.0,7.05,3.3,0.0,8.2,0.31,3201.0,LAKE,0
-0.6107911296414362,0.0166434447799061,-0.4932211549438903,1.1997888859661856,-1.3603429855625373,-1.6354358344436817,350.0,24.0,12.0,30.0,627.0,6.0,4.0,920.0,0.4,0.0,0.0,6.5,0.58,3202.0,LAKE,0
-1.7669709767933122,-0.0348015424670647,-1.2819206776654457,1.618042682580078,0.5394163802047134,0.0823626037838893,17.0,26.0,1.6,30.0,1126.0,4.0,6.0,84.0,0.9,6.2,0.04,7.4,0.44,1979.0,POND,0
-1.7360265970059838,-0.1408441457674291,0.481041954933577,2.1515487973503435,-0.1585034871203802,-0.3129739887816513,21.0,24.0,1.2,35.0,2171.0,11.0,6.0,142.0,0.8,6.0,0.02,7.0,0.29,2079.0,POND,0
0.1086030469464054,-0.7007021769866694,-0.720225156475861,1.1947496000618651,1.1794428068362297,-1.7323898534167823,84.0,25.0,35.8,29.0,1992.0,4.0,4.0,150.0,2.2,4.4,0.0,7.3,0.13,1971.0,TANK,0
-0.0203924571856087,2.9389788965803025,0.622096449630883,-0.1107077293725458,1.18326886788661,0.5894814358129211,10678.0,19.0,10.0,29.0,716.0,10.0,500.0,31301.25,0.8,4.4,0.0,7.5,0.21,1349.0,LAKE,0
0.7027075581205459,3.2094451410227904,1.0308671905984537,-0.486011656002882,0.3383446597281465,0.2418327347011381,10678.0,18.0,4.5,29.0,590.0,11.0,766.0,31301.25,1.8,2.1,0.02,7.0,2.09,1392.0,LAKE,0
-0.9896622526293302,-0.0209820817784125,-1.4707890449576668,-2.8192374051483906,0.9546686002457972,-2.4437902817860757,356.0,10.0,21.0,18.5,2430.0,3.0,45.0,1500.0,3.0,6.2,0.0,6.8,0.0,3033.0,LAKE,0
-3.4625799031550946,0.675224866060893,-0.8485067818072364,-1.1519097762617074,1.1432048753497364,0.3766147941980108,94.0,15.0,0.6,24.0,274.0,9.0,43.0,920.0,0.2,8.9,0.09,7.7,0.3,1291.0,LAKE,0
-3.0727358491722425,0.3956520103651019,-1.091005613444835,-2.7105446451786737,0.4984135176576681,-0.7686614065746518,4.0,10.0,0.3,19.0,1791.0,9.7,2.0,120.0,0.1,8.2,0.09,7.1,1.2,1292.0,LAKE,0
-2.267277055063593,-0.4174900782623562,0.939935145666535,-0.5744068038432013,1.0326399767750067,-0.9139634436534612,31.0,13.0,2.8,28.0,3294.5,15.0,14.0,84.0,0.5,5.7,0.01,7.4,0.67,1429.0,LAKE,0
-2.0893809782613775,0.3998210893027292,1.6043116895501728,-1.4934034030917211,0.1099788180388015,-1.4595592785957028,210.0,11.0,17.0,28.0,284.0,17.0,84.0,1600.0,3.0,5.3,0.14,6.9,0.39,2649.0,LAKE,0
-2.4241428232771467,0.2389799725759453,-0.9848067063855056,-3.219891784241391,-0.437161537101436,-0.9106859184014412,13.0,10.0,6.5,18.5,256.0,9.0,2.0,280.0,0.9,5.2,0.68,6.8,1.59,2650.0,LAKE,0
-1.9184112920512064,-0.7450937512285207,1.5039236093236557,-2.1673587355968147,0.9057107649081296,-1.005904266492774,356.0,10.0,3.3,24.0,3294.5,20.5,45.0,1500.0,1.6,4.6,0.51,7.3,2.61,1309.0,LAKE,0
-3.076972298408622,0.6258594538053561,-0.7160401795510251,-1.1426802304628287,0.943855103980366,-0.0244952133022002,356.0,15.0,2.1,24.0,262.0,9.0,45.0,1500.0,0.3,7.1,0.01,7.6,0.47,2738.0,LAKE,0
-3.3167540266501225,0.4134604691822188,1.589848419305698,-1.464902268336942,0.9284555534829472,-0.5144127317977454,356.0,10.0,4.2,27.0,266.0,18.9,45.0,1500.0,0.4,4.2,0.01,7.7,0.05,2739.0,LAKE,0
-1.390816486803682,-0.3664253251035709,0.1863705158424039,-0.4182271903137992,2.7569986965454696,-0.8099400627755798,356.0,18.0,23.0,27.0,170.0,9.0,45.0,1500.0,4.5,5.1,0.01,8.2,0.05,2740.0,LAKE,0
-2.123642338127958,-0.1900607461562313,0.3729506767721494,-0.6527026769498618,2.317898725490207,-0.4410798622623473,356.0,16.0,6.3,27.0,272.0,11.0,45.0,1500.0,4.1,4.8,0.01,8.1,0.11,2741.0,LAKE,0
-2.385670126575147,-0.121165006071334,1.8058391789387471,-2.275706068848474,0.0184253859635813,-0.8683211037458082,356.0,10.0,3.4,25.0,308.0,21.1,45.0,1500.0,2.0,2.2,0.51,7.2,2.61,3251.0,LAKE,0
-2.8666242350970874,0.1345073764988439,2.44809693644538,-1.6025160669566478,-0.3050133715400502,-0.4016318807139075,356.0,10.0,2.5,29.0,305.0,23.0,45.0,1500.0,1.5,4.4,0.51,7.1,2.61,3252.0,LAKE,0
-2.2697233635469938,-0.1958998630951617,2.517534105636795,-1.892914877268697,0.153412957491967,-0.8986083015403062,356.0,10.0,7.5,27.8,328.0,23.0,45.0,1500.0,2.9,3.0,0.51,7.2,2.61,3253.0,LAKE,0
-2.674687314092775,-0.0073820746750353,2.404127302280013,-1.7695185476663309,-0.1111057847170653,-0.5715891976151249,356.0,10.0,4.0,28.0,292.0,23.0,45.0,1500.0,1.6,3.3,0.51,7.2,2.61,3254.0,LAKE,0
-2.9265982395985533,0.1747922112159445,1.0642953811891571,-2.7447990598461267,0.3548975393377865,-0.4383552747018598,356.0,10.0,4.1,22.2,386.0,20.2,45.0,1500.0,1.4,5.5,0.51,7.3,2.61,3256.0,LAKE,0
-2.14424783638282,-0.2553365584276639,2.290361578899724,-2.0450314196628776,0.3219938442092407,-0.9742689204226928,356.0,10.0,7.2,27.0,438.0,22.0,45.0,1500.0,3.5,3.3,0.51,7.2,2.61,3257.0,LAKE,0
-2.661494220590347,-0.0795034170816472,2.0820614627909944,-1.9289368547820456,0.488240454285984,-0.4484130263139657,356.0,10.0,6.8,27.0,486.0,21.6,45.0,1500.0,2.0,4.7,0.51,7.4,2.61,3258.0,LAKE,0
-2.9381621634163175,0.0251049834528379,1.8066416640642495,-2.1042143773782227,0.7367263982720643,-0.1899047622795105,356.0,10.0,5.6,26.0,455.0,21.3,45.0,1500.0,2.0,6.1,0.51,7.5,2.61,3259.0,LAKE,0
-3.068172611749356,0.0250978689175143,2.3070466884399705,-1.7439907879515073,0.509333444101165,-0.0761858329469751,356.0,10.0,3.1,28.0,378.0,23.0,45.0,1500.0,1.6,5.3,0.51,7.5,2.61,3260.0,LAKE,0
-2.6624136529827815,-0.0352036242318309,1.2859384048291984,-2.4046165898577585,0.5185554361939945,-0.4803026296930522,356.0,10.0,3.2,24.0,360.0,19.0,45.0,1500.0,2.0,4.3,0.51,7.4,2.61,3261.0,LAKE,0
-2.9983106942297297,0.1214033241984201,1.849797553946214,-2.297378230061116,0.217418402485109,-0.3663985013908185,356.0,10.0,2.7,25.0,375.0,23.0,45.0,1500.0,1.5,5.0,0.51,7.3,2.61,3262.0,LAKE,0
-3.016090566828309,0.1359434503088707,2.873016716932749,-0.997564119250566,-0.3267286209144319,-0.1043930175834344,356.0,10.0,2.5,32.1,297.0,23.0,45.0,1500.0,0.9,4.5,0.51,7.2,2.61,3263.0,LAKE,0
-2.7313082018533987,0.178484660929097,0.8687438317465283,-2.192325341164318,0.0643163333173188,-0.3595876140669234,356.0,10.0,2.25,24.8,258.0,15.7,45.0,1500.0,1.4,5.0,0.51,7.2,2.61,3264.0,LAKE,0
-2.655594920246061,0.0519083472813722,2.30000673688739,-1.4920806582774333,-0.0391103559314628,-0.4225777260404386,356.0,10.0,6.3,29.5,230.0,20.7,45.0,1500.0,1.8,4.5,0.51,7.2,2.61,3265.0,LAKE,0
-2.90413886086422,0.2145155706966914,0.7417975001428562,-2.361885637522189,0.2880094265633168,-0.2260163091080916,356.0,10.0,2.6,23.8,332.0,16.200000000000003,45.0,1500.0,1.2,5.8,0.51,7.3,2.61,3266.0,LAKE,0
-2.674239426136343,-0.0525253625379703,1.9868175470394815,-2.2867327579461896,0.1500654886412796,-0.657517967322831,356.0,10.0,3.5,25.0,331.0,23.0,45.0,1500.0,1.6,3.0,0.51,7.3,2.61,4040.0,LAKE,0
-0.8736994991895944,-0.6030934019763269,0.9266357005602932,-3.039263109564591,0.5639339781444143,-2.116054434928152,356.0,10.0,20.0,21.0,554.0,15.4,45.0,1500.0,4.1,0.6,0.51,7.1,2.61,4041.0,LAKE,0
-0.7687727084250244,-0.669468637253758,1.1807148655306796,-2.8966499997827775,0.606280476291955,-2.17284173447548,356.0,10.0,21.0,22.0,567.0,15.9,45.0,1500.0,4.5,0.5,0.51,7.1,2.61,4042.0,LAKE,0
-2.803322046500897,0.1378447816597168,-0.4661723874420179,-3.2250274996559147,0.9458226908184948,-0.2895684616950971,356.0,10.0,2.7,18.5,485.0,12.7,45.0,1500.0,1.5,6.3,0.51,7.5,2.61,4043.0,LAKE,0
-2.3788798515410203,-0.0023812934008352,0.4237772902792383,-3.041645428832729,0.1806189956511031,-0.91408934540379,356.0,10.0,3.9,20.0,425.0,16.6,45.0,1500.0,1.4,3.0,0.51,7.2,2.61,4044.0,LAKE,0
-1.626600203538062,-0.3291907961689634,0.559903121468423,-3.0776174010865596,0.1709732501510874,-1.5402202209152214,356.0,10.0,6.3,20.1,445.0,15.6,45.0,1500.0,2.75,0.6,0.51,7.1,2.61,4045.0,LAKE,0
-1.9120486965070296,-0.1881712770419945,0.5499533439346723,-3.040866593141214,0.1307676476929962,-1.3095631177452551,356.0,10.0,5.2,20.3,430.0,16.1,45.0,1500.0,2.4,1.7,0.51,7.1,2.61,4046.0,LAKE,0
-1.689408939155526,-0.1692804820172533,1.0847345889305566,-2.855420487989927,-0.3742670252332987,-1.6336183003577045,356.0,10.0,6.6,22.0,394.0,18.0,45.0,1500.0,3.0,1.3,0.51,6.8,2.61,4047.0,LAKE,0
-2.7074305485867582,0.0266707403414803,3.089503461560347,-0.9253283349705488,-0.313870994630277,-0.3454249482754474,356.0,10.0,3.75,33.0,312.0,23.0,45.0,1500.0,2.1,4.4,0.51,7.1,2.61,4048.0,LAKE,0
-2.318804941969822,0.0671291903775639,0.2754386617077172,-2.66783927264421,0.0387564302386566,-0.7853133759096885,356.0,10.0,3.0,22.0,332.0,13.5,45.0,1500.0,1.8,3.8,0.51,7.1,2.61,4049.0,LAKE,0
-2.7001513286696466,0.0484632290309987,1.5886601009404244,-1.8213009408111296,0.0963991837269359,-0.3565139756253633,356.0,10.0,3.5,27.0,260.0,18.2,45.0,1500.0,1.25,4.0,0.51,7.3,2.61,4050.0,LAKE,0
-3.025011779989027,0.110547312178839,3.222489057920212,0.2908727529833483,-0.2314269110233362,0.4275458128281935,356.0,13.0,2.0,37.0,790.0,23.0,45.0,1500.0,1.3,7.2,0.51,7.2,2.61,2394.0,LAKE,0
-2.9656469810875934,0.2993000812332477,0.7160865857811207,-0.4831740630414906,0.1167213164576117,0.6379616765633829,356.0,15.5,0.9,29.5,182.0,14.0,45.0,1500.0,0.4,7.2,0.51,7.4,2.61,2398.0,LAKE,0
-2.6937680734111584,0.00964105028541,3.0500712742178586,0.9124882631056608,-0.2914682422011362,0.4655649029583341,356.0,16.0,3.2,38.0,790.0,22.0,45.0,1500.0,1.3,6.7,0.51,7.2,2.61,2402.0,LAKE,0
-2.733509924581998,-0.1137396239817377,2.9196604300024567,1.0273959436551947,0.4624896727066945,0.7939825535091791,356.0,17.0,2.8,38.0,320.0,21.0,45.0,1500.0,2.2,6.8,0.51,7.6,2.61,2393.0,POND,0
-1.1261570685823667,-0.6371016516965148,2.428848380525099,-0.2987586097557299,0.6149723992448519,-0.9489993891596084,356.0,15.0,15.2,33.0,790.0,18.0,45.0,1500.0,5.2,4.2,0.51,7.2,2.61,4740.0,POND,0
-0.5518482158732607,-0.8833294920367141,2.2478144127704676,-0.3344020502413993,0.9549281515640086,-1.2790220084272783,356.0,16.0,17.2,32.5,790.0,16.5,45.0,1500.0,7.05,3.8,0.51,7.2,2.61,4741.0,POND,0
3.7047349939656224,1.367591894390433,0.7791471492801998,-0.5535747668652794,-0.430704354216166,0.0566779969245727,10678.0,23.0,35.8,29.0,891.0,6.0,630.0,31301.25,3.0,1.0,0.63,6.7,14.855000000000002,1388.0,LAKE,0
0.9744718406451344,-1.13541891025951,-0.1025011234023929,0.0874397162137767,0.5337807112115172,0.9472879498089546,940.0,24.0,10.0,29.0,870.0,5.0,410.0,5800.0,3.0,1.0,1.24,7.6,11.2,1446.0,LAKE,0
0.5633325952664179,0.3742832018649009,0.8199734109957245,0.227486249306954,1.280973006328303,-0.3759520002410331,2100.0,20.0,10.4,30.0,2680.0,10.0,766.0,6300.0,3.0,3.1,0.34,7.3,3.4,3583.0,LAKE,0
2.7546299837568107,0.1715958501125519,1.510218986961219,-1.263397206291901,1.3616166578456224,1.5566486252994454,8200.0,20.0,23.8,30.0,1164.0,10.0,766.0,21000.0,7.05,4.4,2.3000000000000003,7.4,8.3,3584.0,LAKE,0
3.105751382957575,1.3723316588410364,1.743425355727537,-0.8556708891446144,-0.0222860802509751,0.6645883969685319,9300.0,20.0,35.8,31.0,1579.0,11.0,766.0,31301.25,3.8,4.4,1.5,6.7,9.6,3586.0,LAKE,0
-0.5728340715287679,0.2588813961820274,3.004435828832979,-2.282911764133466,0.4723712445101726,0.7429969388502758,2100.0,10.0,9.0,29.0,1055.0,21.8,766.0,6300.0,3.0,4.0,1.28,7.3,8.7,3587.0,LAKE,0
3.4367416632864285,1.7804586374893785,-0.3366892799954418,-0.177583561664625,-0.6523277255575696,0.6531366025171015,10678.0,26.0,10.0,28.0,678.0,2.0,766.0,31301.25,4.0,0.6,0.45,6.6,14.855000000000002,3591.0,LAKE,0
2.8823807980086413,2.0465567193562175,0.4720305920741993,-0.2114560397176487,-1.117987071945589,0.6936270463989506,10678.0,24.0,18.0,30.0,574.0,6.0,700.0,31301.25,3.0,3.0,0.47,6.4,14.855000000000002,3592.0,LAKE,0
3.6058401989133304,1.3907428818860434,0.3615922975301571,-0.3966482500316093,-1.3454074784912209,-0.1823787780967058,10678.0,24.0,32.0,29.0,1110.0,5.0,480.0,31301.25,3.0,2.0,0.6,6.2,14.855000000000002,3593.0,LAKE,0
4.546706447976954,1.0300089648028707,0.8916121433416759,0.1274635248655606,-0.0855385741681253,-0.0394694790919068,10678.0,26.0,35.8,31.0,1306.0,5.0,700.0,31301.25,5.0,0.6,0.7,6.7,14.855000000000002,3602.0,LAKE,0
3.293453458977643,0.976950858230222,1.962777924257584,-0.0941410597958094,-0.4077029452334067,0.2162365547674924,10678.0,22.0,32.0,33.0,1416.0,11.0,460.0,31301.25,4.0,2.5,0.7,6.7,14.855000000000002,3608.0,LAKE,0
4.108037614173357,1.53122831145186,0.146547885052264,0.161027517855509,0.4544488612674178,-0.2839683315003962,10678.0,26.0,35.8,29.0,1695.0,3.0,766.0,31301.25,4.0,0.6,0.9,6.8,6.46,3611.0,LAKE,0
4.254374779169323,1.2845779243903148,0.2105886370984367,0.083769773478397,0.661923020054266,-0.0910956547708113,10678.0,26.0,29.0,29.0,1986.0,3.0,766.0,31301.25,5.0,1.5,0.38,6.9,13.0,3612.0,LAKE,0
2.533021716018396,2.2638526427762,-0.4292017970764273,0.3511383261897635,0.1620183688139914,0.4591236570276248,10678.0,26.0,12.0,29.0,1367.0,3.0,700.0,31301.25,4.0,3.8,0.52,6.7,5.6,3614.0,LAKE,0
4.390171485521311,0.5834898391414346,-0.0188525496843174,0.319167747461159,0.3394696470584101,0.7997281514431175,10678.0,28.0,25.0,30.0,2294.0,2.0,630.0,31301.25,5.0,2.2,1.23,6.9,13.21,3615.0,LAKE,0
1.5336899331369158,1.580005333335624,-1.3613302359342967,0.1382770176870073,1.2246324217934743,3.3487400031071046,8400.0,28.0,3.0,28.0,436.0,0.0,766.0,31301.25,3.0,6.2,2.3000000000000003,7.7,2.74,3616.0,LAKE,0
3.332264534353895,1.2661381990036835,-0.1720547994170492,0.195651194826283,0.0325725063713362,-0.0199432591677286,10678.0,26.0,27.0,29.0,1609.0,3.0,460.0,31301.25,4.0,1.7,1.12,6.7,5.0,3617.0,LAKE,0
3.576240609471711,1.3484464320580287,-0.037435372355398,0.1826323253398867,0.7471400306477538,-0.5436686325306989,10678.0,26.0,32.0,29.0,1516.0,3.0,480.0,31301.25,6.0,2.8,0.6,6.8,6.0,3618.0,LAKE,0
4.3992118281936,0.7849025187709485,0.5293722446876239,-0.1078034009253213,0.5109735908153407,0.815436589647639,10678.0,26.0,31.0,30.0,1687.0,4.0,766.0,31301.25,5.0,1.0,1.67,7.0,10.0,3620.0,LAKE,0
2.399142364000562,2.619097226824613,0.2688582186380629,0.3203579740617026,-0.2474357748053452,-0.002082491059869,10678.0,24.0,15.0,30.0,1480.0,6.0,766.0,31301.25,3.0,3.2,0.18,6.5,6.0,3624.0,LAKE,0
2.2040540220461433,2.7570896887501077,-0.3613527929645336,0.2319544714917325,-0.894180535556448,-0.0727177674575859,10678.0,25.0,16.0,29.0,842.0,4.0,630.0,31301.25,3.0,4.0,0.31,6.2,5.0,3625.0,LAKE,0
4.069957682086439,1.7291330228456834,1.8894994243514884,1.3779923448792577,-0.038695209588085,-0.6269596465048802,10678.0,27.0,33.0,36.0,1287.0,9.0,766.0,31301.25,6.0,0.5,0.51,6.5,6.5,3627.0,LAKE,0
3.31907774046396,1.5899599412873535,1.5325328333453618,0.9969189122029372,-0.3208608596060303,-0.959849040773274,10678.0,25.0,35.8,34.0,1384.0,9.0,460.0,31301.25,4.0,0.5,0.44,6.5,5.0,3628.0,LAKE,0
3.0841505999976437,1.4373374059153798,2.449957616752592,0.2948182124046315,0.3069765486404229,-0.5662711223703678,10678.0,22.0,35.8,35.0,1220.0,13.0,460.0,31301.25,7.05,4.4,0.51,6.6,8.0,3645.0,LAKE,0
1.8739146229096977,1.3046633329161166,2.0909515046510347,0.8571272555257797,1.5553672024697196,1.075603051979335,10678.0,23.0,19.0,35.0,911.0,12.0,470.0,31301.25,4.0,2.5,0.51,7.8,8.0,3646.0,LAKE,0
1.3157827187612623,3.158896633692579,0.3557928176452192,-0.2260494021608272,-0.4736316847487877,0.3347298620908053,10678.0,21.0,7.0,29.0,995.0,8.0,766.0,31301.25,2.0,4.4,0.02,6.5,5.9,3649.0,LAKE,0
3.175486925943455,1.4638972149824314,1.5746276344985914,0.1778617347703823,0.1546893942502517,-1.1642907299024778,10678.0,22.0,26.0,32.0,1974.0,10.0,460.0,31301.25,6.0,1.4,0.27,6.5,5.9,3654.0,LAKE,0
0.8571645870141916,-1.3424164852280418,0.8473062012812193,1.077504722515268,1.146516632768322,0.0630165380281526,1800.0,24.0,23.1,32.0,1540.0,8.0,220.0,3200.0,1.1,0.3,0.0,8.0,14.855000000000002,3679.0,LAKE,0
-1.0079869791356335,-0.0274256829463881,1.0895242696144614,0.9002769869192548,-0.3167611402674029,1.1840928194619365,1800.0,22.0,2.5,34.0,648.0,12.0,280.0,3200.0,1.1,6.4,0.0,7.3,14.855000000000002,3680.0,LAKE,0
-0.6459143685109652,-0.236389400081796,-1.504298395236414,0.0666594994087551,0.3019063822596651,-0.5576154132320637,900.0,23.0,5.3,26.0,1575.0,3.0,70.0,1800.0,3.6,6.2,0.49,6.9,1.43,3685.0,LAKE,0
4.812898998027024,0.703949773426083,2.4467911224397465,-0.0712013047024928,0.8097503841149035,-0.7963497170774243,10678.0,22.0,35.8,33.0,2810.0,11.0,766.0,31301.25,7.0,0.6,0.36,6.8,14.855000000000002,4095.0,LAKE,0
2.2115912776750175,1.682268796917814,1.2358802136401443,0.3822588083671886,-0.3326818259903429,-0.8133287957774743,10678.0,22.0,30.0,32.0,1786.0,10.0,260.0,31301.25,3.0,3.0,0.38,6.5,4.0,4096.0,LAKE,0
4.596770760310821,0.8621791389734476,2.109118907880076,-0.3953970376006631,-2.086391841382897,-0.0147992816973135,10678.0,22.0,35.8,33.0,2457.0,11.0,700.0,31301.25,3.0,0.6,1.58,5.800000000000001,14.855000000000002,4097.0,LAKE,0
1.9893992744442313,1.329723757312043,-0.6325068235231844,-0.6041080679909772,-2.5635181643976095,0.7929423928605719,10678.0,24.0,6.0,28.0,790.0,4.0,70.0,31301.25,3.0,5.2,1.0,5.800000000000001,13.99,4504.0,LAKE,0
3.681283897945697,1.3200264593774051,-0.1878481793658171,-0.4809330575632908,-0.4601199105508345,0.5973890482878212,10678.0,25.0,35.8,28.0,1554.0,3.0,630.0,31301.25,3.0,3.0,1.94,6.5,5.6,4505.0,LAKE,0
2.0087902319442175,1.3051174262864649,1.9036382013892024,0.7509047029921132,-0.6157525282446407,1.510772616110183,10678.0,24.0,11.0,36.0,852.0,12.0,410.0,31301.25,4.0,4.0,1.2,6.8,10.0,4507.0,LAKE,0
2.046861464586898,2.210278087706896,1.7219598234729017,-0.2811884039484439,-0.6723273929177908,0.6744916102812933,10678.0,20.0,9.0,32.0,845.0,12.0,766.0,31301.25,3.0,0.5,1.22,6.6,4.0,4509.0,LAKE,0
4.188965775647427,1.154905858506787,2.3075753932424687,0.3578920429267828,-0.5087280725244637,0.1936800062218251,10678.0,24.0,35.8,35.0,1334.0,11.0,766.0,31301.25,5.0,0.2,1.6,6.5,8.0,4510.0,LAKE,0
1.8651447620251285,1.2704308769655133,1.562120517324665,0.3653210719303342,-0.0332759585997316,1.6747903339261876,10678.0,22.7,8.0,33.8,1581.0,11.099999999999998,460.0,31301.25,3.0,4.8,0.72,7.1,14.0,4533.0,LAKE,0
1.0660657909239448,1.5412115561338309,0.6684307248161794,0.3214789565094385,0.6672460527516731,2.464199959087279,10678.0,23.4,6.0,31.6,858.0,8.200000000000003,460.0,31301.25,1.0,4.9,0.8,7.7,12.0,4534.0,LAKE,0
3.487718686895679,1.063404173340474,1.7608915789569433,-0.1184314301828865,-0.5682654119325689,0.5363324108523506,10678.0,22.3,27.0,32.4,1693.0,10.099999999999998,630.0,31301.25,3.0,1.0,1.0,6.7,14.0,4535.0,LAKE,0
3.5957182935574763,1.9241620913085864,1.6571933137225634,0.5994512372823732,-0.7377593065774505,-0.2827329563425318,10678.0,24.3,34.0,33.6,1332.0,9.3,766.0,31301.25,3.0,1.0,0.5,6.4,10.0,4536.0,LAKE,0
2.389542845329454,2.577469352815149,1.5297573357970395,0.6359733458897904,0.4708869478074486,0.1020423133546507,10678.0,23.4,35.8,33.4,774.0,10.0,766.0,31301.25,3.0,4.4,0.32,6.9,5.2,4537.0,LAKE,0
4.474112688237673,0.6299407308946701,1.663697544891796,-0.4603079657753565,-0.2377667686954722,-1.2054735674773307,10678.0,22.0,35.8,31.0,2182.0,9.0,460.0,31301.25,7.05,0.5,0.8,6.3,11.0,4539.0,LAKE,0
0.5137784601674309,-0.0223833215886966,-1.5634279599554153,0.3950109196504081,1.2499522969100767,2.7547156451180186,1400.0,28.0,3.0,28.0,484.0,0.0,766.0,9200.0,3.0,5.7,2.3000000000000003,7.8,2.88,4543.0,LAKE,0
2.644670172711107,1.3162355250796336,-0.8906408990028564,0.3520299005152671,2.4340294305444297,1.3425090999504807,8400.0,28.0,8.4,28.0,805.0,0.0,766.0,31301.25,7.05,2.8,1.31,7.8,1.31,4545.0,LAKE,0
2.2550828811125045,1.087617098032487,-1.1026341769658583,0.332030312112761,1.931475280779442,1.2779784870474244,4600.0,28.0,7.3,28.0,985.0,0.0,766.0,31301.25,7.05,4.5,1.4,7.5,1.4,4546.0,LAKE,0
2.8405859847871096,0.9491180859833382,-0.8461637019281473,0.0039602234591902,2.096921633421551,1.7490518428057775,7000.0,28.0,18.0,28.0,399.0,0.0,766.0,31301.25,7.05,4.0,2.0,7.7,2.0,4547.0,LAKE,0
-2.058614178415586,0.1979900679423386,0.2189167903035009,1.109294050255576,0.7858441206203369,0.0671698448710631,540.0,22.0,6.0,32.0,462.0,10.0,36.0,1700.0,2.1,6.8,0.0,7.5,1.13,3559.0,TANK,0
3.085427435697383,1.5377644364413583,0.5346891712781104,1.0387137319049973,4.462212272338508,-0.0313493301979182,10678.0,26.0,35.8,31.0,3294.5,5.0,766.0,31301.25,7.05,6.8,0.13,8.2,0.33,3560.0,TANK,0
0.7150789398613925,1.212491262480053,0.8837625443853414,0.2186623089262395,-0.6834446427361281,0.9167536794857988,8400.0,22.0,8.0,32.0,678.0,10.0,46.0,31301.25,2.3,5.6,0.0,6.9,14.855000000000002,3561.0,TANK,0
-1.160517236604168,0.1353591211228085,-1.619071465175493,1.5894474547614794,-0.4034113747167241,-0.3225729719649098,22.0,28.0,3.0,30.0,188.0,2.0,11.0,40.0,3.0,6.2,0.1,6.8,1.32,3565.0,TANK,0
-0.3926843218841794,0.908565013015051,0.8830056933491972,-0.1058455630316056,1.0588023986235922,0.2299414932975534,1400.0,19.0,8.6,30.0,767.0,11.0,766.0,7000.0,3.0,4.0,0.49,7.4,2.46,3588.0,TANK,0
4.2951599761798045,0.6838877497938314,0.0207855818634443,0.370060824605271,0.1030063086277321,0.0802332308854909,10678.0,28.0,35.0,30.0,1398.0,2.0,460.0,31301.25,5.0,1.2,1.07,6.8,11.0,3589.0,TANK,0
2.4040792194623224,1.6682166221180017,-0.0835849666471122,0.1542747754824201,-0.2410558266736582,1.8211422345372552,10678.0,26.0,7.0,30.0,691.0,4.0,630.0,31301.25,3.0,4.0,0.72,7.0,14.855000000000002,3590.0,TANK,0
2.882071083639141,1.7590206355175526,-0.0994007438024896,0.2390227889267575,0.1687024061586054,0.6572086609258683,10678.0,26.0,17.0,29.0,566.0,3.0,630.0,31301.25,3.0,1.5,0.0,7.1,14.855000000000002,3594.0,TANK,0
4.280766085028479,1.207324570129794,0.8031157790149372,-0.8677375393065556,-0.9899415792607312,0.3505300737568871,10678.0,23.0,32.0,29.0,1422.0,6.0,766.0,31301.25,4.0,1.5,1.3,6.3,14.855000000000002,3595.0,TANK,0
1.374289856560416,3.337213594336714,1.0131702329762653,0.3826701493474187,-0.492519168748547,0.0132444430272856,10678.0,22.0,13.0,32.0,515.0,10.0,766.0,31301.25,3.0,4.2,0.13,6.4,2.0,3597.0,TANK,0
3.277683342503647,1.8609686805561645,1.7225566412543736,-0.0707406183351884,-1.027411239910766,0.2604413134181328,10678.0,22.0,35.8,32.0,960.0,10.0,766.0,31301.25,0.6,0.5,0.5,6.6,14.855000000000002,3598.0,TANK,0
4.023083931514054,1.3161537787537778,1.887928877996078,-0.2763566170026081,-0.7361375362779295,0.0056507862739229,10678.0,22.0,35.8,32.0,1637.0,10.0,766.0,31301.25,3.0,0.5,0.8,6.5,14.855000000000002,3599.0,TANK,0
3.982313008800949,1.2651032660814536,1.2525987402742351,-1.0583722852974398,-0.2756061520341634,0.1933299146582221,10678.0,21.0,35.8,29.0,1546.0,8.0,766.0,31301.25,4.0,2.1,1.0,6.6,14.855000000000002,3603.0,TANK,0
3.1391763365577097,0.5512950804143881,0.0677062766036829,0.1977790861801207,0.895643658390707,1.4494281501249973,10678.0,26.0,19.0,30.0,2260.0,4.0,480.0,31301.25,4.0,2.7,2.0,7.3,5.0,3604.0,TANK,0
2.9899162451613384,0.8136204111999811,1.4242096188714222,-0.4615455501806805,-0.771241924536838,1.1103197300694103,10678.0,22.0,14.0,32.0,1845.0,10.0,460.0,31301.25,5.0,4.3,1.3,6.5,14.855000000000002,3605.0,TANK,0
3.3038191188015986,1.1376857087685115,1.683704192491376,0.0094528450616366,-1.0401261411330087,-0.4933301074444073,10678.0,22.0,35.8,32.0,1400.0,10.0,380.0,31301.25,2.0,0.3,0.3,6.5,14.855000000000002,3606.0,TANK,0
3.557533218378484,1.2134904312248431,0.1100113336022426,-0.3203366603208886,0.1305505640278237,1.17084073785527,10678.0,25.0,15.0,29.0,1827.0,4.0,766.0,31301.25,4.8,2.5,1.6,6.8,9.0,3607.0,TANK,0
0.7995763284971752,0.3420744040067206,-1.1320063826805375,-0.5113842574462799,-0.1488007092623517,0.6521589066543033,1400.0,23.0,7.0,26.0,1736.0,3.0,700.0,9200.0,3.0,5.1,1.6,6.7,2.94,3623.0,TANK,0
2.285609858317502,2.108083446193822,1.9900496892706936,0.974929088841074,-0.9554332552043926,0.646760933184155,10678.0,24.0,17.0,36.0,854.0,12.0,630.0,31301.25,3.0,3.0,0.48,6.5,10.0,3626.0,TANK,0
3.0868816832351897,1.598787829173318,1.8425353711711792,1.2208723426036896,0.3975585202732585,-0.2524108279557642,10678.0,25.0,35.8,35.0,1432.0,10.0,580.0,31301.25,3.0,0.6,0.56,7.0,5.0,3629.0,TANK,0
3.666147541458419,2.1202243022633667,1.989844246813292,1.1825090847035538,0.4809121735676078,-1.3030091249320312,10678.0,25.0,35.0,35.0,1362.0,10.0,766.0,31301.25,6.0,0.5,0.0,6.6,4.0,3630.0,TANK,0
3.3550853187936105,2.481563962991733,0.022780635625072,-0.1074646642321887,-0.6160989075388922,-1.160229461517396,10678.0,24.0,35.8,28.0,1139.0,4.0,700.0,31301.25,3.0,1.8,0.04,6.2,7.0,3632.0,TANK,0
1.6624141325227342,2.992501244151884,1.470018522232076,1.032734403975666,-0.5748199441830426,0.3047617769446082,10678.0,23.7,10.0,34.6,694.0,10.900000000000002,766.0,31301.25,3.0,3.2,0.1,6.5,4.56,3634.0,TANK,0
4.084904419736486,1.163544790061647,1.7294908240602191,-0.5859330735198071,0.0275275877979805,-0.0708033342156272,10678.0,21.4,35.8,30.6,1583.0,9.200000000000005,766.0,31301.25,4.0,0.3,0.7,6.8,14.855000000000002,3635.0,TANK,0
3.5013798890140224,1.6878094039957217,-0.0970997632664587,-0.1322007646209911,0.8949364862907726,-0.0264024792279183,10678.0,25.0,18.0,28.0,1608.0,3.0,766.0,31301.25,6.0,1.6,0.7,6.9,6.0,3637.0,TANK,0
3.128009134613018,1.6943998548225332,-0.012010700044646,-0.1746223426201588,-0.350050763522527,1.1895726262291737,10678.0,25.0,15.0,29.0,1637.0,4.0,766.0,31301.25,3.0,4.0,0.72,6.7,14.855000000000002,3638.0,TANK,0
3.6662338194403232,1.676472023343871,2.1772772824059365,-0.0658847299264116,-0.9584457900943876,0.1494486267835441,10678.0,22.3,35.8,33.8,1114.0,11.499999999999996,766.0,31301.25,4.0,2.6,0.9,6.3,13.0,3640.0,TANK,0
2.287993977727511,2.259864590078581,1.7480012991461784,0.4760058608320608,-0.5177427417223954,0.3102969554460711,10678.0,22.8,27.0,34.0,638.0,11.2,630.0,31301.25,3.0,3.8,0.4,6.6,9.0,3641.0,TANK,0
1.8854418579206649,2.4781797612439243,-0.7546545468961211,-0.3787600921969273,0.1395105156141826,1.285219835729965,10678.0,24.0,7.0,27.0,1090.0,3.0,766.0,31301.25,3.0,4.8,1.2,6.8,3.0,3642.0,TANK,0
3.701430507188467,1.105222356085639,-0.7607553223880404,-0.6551342534169793,-0.8765744541750922,1.7730318047133449,10678.0,26.0,13.0,27.0,1827.0,1.0,766.0,31301.25,3.0,2.3,2.3000000000000003,6.5,9.5,3643.0,TANK,0
1.371381969463959,3.0732207794519164,0.166245254473122,-0.1101832340689394,-0.2858887386672825,-0.0007267812132251,10678.0,22.0,14.0,29.0,550.0,7.0,630.0,31301.25,3.0,5.0,0.02,6.5,4.16,3648.0,TANK,0
3.3909641830424646,1.5412322461796786,0.8664054165962524,-0.2793430223939565,-0.6574514476442922,0.5424199150639025,10678.0,23.0,16.0,30.0,1631.0,7.0,766.0,31301.25,3.0,0.8,0.61,6.6,14.855000000000002,3650.0,TANK,0
3.5417406915519387,1.4157704292778617,1.084686119832016,-0.5232081930024767,-1.0346805719236274,0.4696920985179086,10678.0,22.0,15.96,30.0,1885.0,8.0,766.0,31301.25,3.0,0.5,0.85,6.4,14.855000000000002,3651.0,TANK,0
0.3174362647030306,2.7246316930207817,2.2839619396880795,0.4617854215895712,-0.5501593300982263,0.4435879114349448,10678.0,19.0,10.0,35.0,580.0,16.0,410.0,31301.25,2.0,4.9,0.1,6.7,4.48,3653.0,TANK,0
-0.912036577758824,0.7425337760284323,-1.6045270131250668,1.034202328694355,0.1130622353132927,-0.2061960938133594,460.0,26.0,3.0,28.0,470.0,2.0,320.0,4000.0,2.0,5.0,0.1,7.0,0.2,3656.0,TANK,0
1.446571526474802,-1.2531997218504096,-0.2860863627405604,0.7578466495588244,2.755701848095031,-1.5283117299032465,700.0,24.0,34.0,28.0,3294.5,4.0,240.0,6300.0,4.0,1.9,0.3,7.9,1.2,3657.0,TANK,0
-1.0780236794680012,0.213380425736796,-1.5344952491209871,0.4287267712587423,2.084165716806558,0.2929850446265773,610.0,24.0,3.0,26.0,470.0,2.0,320.0,4000.0,3.0,4.6,0.2,8.0,0.2,3658.0,TANK,0
1.512385160976043,1.7370898090818927,-0.3775319633002572,0.3666639374264034,1.1705369885568595,-0.246376154061137,3300.0,24.0,7.0,28.0,1310.0,4.0,766.0,31301.25,4.0,1.2,0.2,7.2,0.8,3659.0,TANK,0
-0.5973549356070416,1.0415882539325476,-1.2949966592743127,0.8490134505826644,0.4436139632866505,-0.0542193174657916,1400.0,25.0,3.0,28.0,890.0,3.0,390.0,11000.0,2.0,5.0,0.1,7.1,0.3,3660.0,TANK,0
-0.4672590098117928,-0.4888053611881258,-1.052411035293537,0.960987580730478,2.820897901638818,0.0611385450646523,630.0,25.0,8.0,28.0,1800.0,3.0,220.0,5400.0,4.0,5.0,0.2,8.2,0.5,3661.0,TANK,0
-1.5393681645263435,0.0840932609508918,-1.7926101256745255,0.2189397561805326,1.311090641282613,-0.1241282475161748,340.0,23.0,3.0,25.0,420.0,2.0,93.0,2200.0,2.0,4.6,0.1,7.7,0.2,3662.0,TANK,0
-1.3854135155897642,0.1006409528255426,-1.716478563159839,0.5426903399900929,1.3388599193458928,-0.0298133686357718,450.0,24.0,3.0,26.0,640.0,2.0,110.0,3500.0,2.0,4.8,0.1,7.7,0.2,3663.0,TANK,0
-1.1575234414271445,0.2763737935018961,-1.889176512897146,0.3662755634379523,1.5790178131366497,0.0305860121886477,680.0,24.0,3.0,25.0,530.0,1.0,240.0,4000.0,2.0,4.1,0.1,7.8,0.2,3664.0,TANK,0
-1.2755997849473653,-0.004299599900461,-1.664784310201311,0.5197249681796395,1.4859526554199198,0.087026676462238,470.0,24.0,3.0,26.0,700.0,2.0,120.0,4300.0,2.0,4.4,0.2,7.8,0.3,3665.0,TANK,0
-1.4766390845466593,0.1401145929555709,-1.131007868517708,0.8581741847774739,1.419893992021338,0.1288280878045543,260.0,24.0,3.0,28.0,470.0,4.0,170.0,3200.0,2.0,4.5,0.1,7.8,0.1,3666.0,TANK,0
-1.4160947377270603,0.0236401330330103,-1.3993281840458758,0.725604683246847,1.6756028421545786,0.1518218035040043,450.0,24.0,3.0,27.0,720.0,3.0,140.0,3500.0,2.0,4.7,0.1,7.9,0.3,3667.0,TANK,0
-1.5896699547068178,0.281863272489572,-1.1878515359501582,0.8224964380435493,1.461823973875012,0.3280112089385136,460.0,24.0,3.0,28.0,470.0,4.0,170.0,4300.0,2.0,5.7,0.1,7.8,0.4,3668.0,TANK,0
-1.2985510992582672,0.2371538561721053,-1.4184315582684783,0.9671222405741892,0.7195546001123945,-0.0897487174342727,330.0,25.0,3.0,28.0,580.0,3.0,110.0,4300.0,2.0,5.0,0.1,7.4,0.3,3669.0,TANK,0
-1.4680057867800418,0.0912390418139187,-1.3764905807914904,1.0152017583314958,1.174858574616123,0.0819277790318122,320.0,25.0,2.2,28.0,340.0,3.0,130.0,1700.0,2.0,4.4,0.1,7.7,0.1,3670.0,TANK,0
-1.3888570658948451,0.1829329774506533,-1.41204085690936,0.9837701376212492,0.8735408946538102,-0.0340113873541385,270.0,25.0,3.0,28.0,470.0,3.0,120.0,2800.0,2.0,4.9,0.1,7.5,0.2,3671.0,TANK,0
-1.4777005952778928,0.0451147704447622,-1.6997600721603705,0.8495174784314247,1.0460144227361712,-0.0357020755725903,220.0,25.0,3.0,27.0,410.0,2.0,70.0,1700.0,2.0,4.9,0.1,7.6,0.2,3672.0,TANK,0
-0.7842114114272698,-0.0255223096216262,-1.2876082869049577,0.7102438163937235,1.2334065699723715,-0.2876454640109297,780.0,24.0,4.0,27.0,1310.0,3.0,170.0,5400.0,2.0,3.4,0.1,7.6,0.8,3673.0,TANK,0
-1.5329743375575315,0.2109502242619614,-1.516874656840303,0.6495413903645577,0.6934055595097651,-0.1760651070486042,210.0,24.0,3.0,27.0,320.0,3.0,94.0,1700.0,2.0,5.0,0.1,7.4,0.2,3674.0,TANK,0
-1.1708764602135229,0.4638371019947995,-2.0497537291227186,0.573962452005973,-0.3639524655236206,-0.6169240929234465,390.0,25.0,2.0,26.0,260.0,1.0,92.0,2200.0,2.0,4.6,0.1,6.8,0.2,3675.0,TANK,0
-1.5455391039662745,0.3584103719496617,-1.5221141839189047,0.6318583611732276,0.7057789350079355,-0.0655011047064178,390.0,24.0,2.0,27.0,260.0,3.0,140.0,2200.0,2.0,5.2,0.1,7.4,0.2,3676.0,TANK,0
1.8665962151270248,-0.3947691235672391,-0.1273635838591329,1.4631113305003562,3.640744040668016,-0.9820914122479992,1700.0,27.0,16.0,30.0,2351.0,3.0,766.0,5400.0,7.0,0.0,0.0,8.2,0.14,3677.0,TANK,-1
1.473034729607481,-0.0173825056251876,2.115707839461031,0.4476764135625808,-0.6805104278855753,-0.6179357814132314,1800.0,21.0,14.5,34.0,889.0,13.0,766.0,3200.0,4.0,0.0,0.0,6.7,14.855000000000002,3681.0,TANK,1
0.827009324811174,-1.46463676654562,0.8199045597217197,0.382746672003354,1.777093575900769,-0.0387837666047577,1800.0,21.0,22.0,30.0,3294.5,9.0,280.0,3200.0,1.3,3.0,0.0,8.0,14.855000000000002,3682.0,TANK,0
1.2690665982167124,-1.3701031669654615,-0.7818689760838934,-0.4240358349107779,1.456550772623817,-1.1616479977214265,900.0,23.0,28.0,26.0,1720.0,3.0,130.0,1800.0,7.05,4.2,1.13,7.2,2.2,3683.0,TANK,0
-1.1430577562823498,-0.1924732075563519,-1.5827450467452646,0.1701810292016662,0.958317656895686,-0.1153774327445023,900.0,23.0,3.8,26.0,1430.0,3.0,50.0,1800.0,3.2,7.1,0.43,7.3,0.88,3684.0,TANK,0
-1.7290085934190291,0.1897832228724728,-1.7287908862105876,0.2564249720970578,0.5275416254866745,-0.1763726742557048,225.0,23.0,2.9,26.0,624.0,3.0,13.0,1600.0,2.4,7.2,0.19,7.2,0.41,3686.0,TANK,0
-1.208248505999736,-0.1762243042024563,-1.8652898133811424,0.0264448646381497,0.7517714533881379,-0.3962168203358399,225.0,23.0,3.9,25.0,1065.0,2.0,35.0,550.0,3.3,6.6,0.29,7.2,1.1,3687.0,TANK,0
-1.539737426378612,-0.0572235991567821,-1.9609402619483576,0.131533721678394,0.6422883699857113,0.2376099341720063,900.0,23.0,3.8,25.0,1160.0,2.0,25.0,1800.0,0.8,6.4,0.52,7.4,0.86,3688.0,TANK,0
-0.7367932364871634,-0.4443115558163225,-1.738254545089267,-0.1722333447116862,0.7352612633903349,-0.1810927636959765,900.0,23.0,5.4,25.0,1187.0,2.0,35.0,1800.0,3.8,6.1,0.72,7.2,1.4,3689.0,TANK,0
-0.8414617957854399,-0.3115329954055301,-1.5346662260060486,0.1199638508136377,0.6717570600933839,-0.3977191325967757,900.0,23.0,4.5,26.0,1620.0,3.0,35.0,1800.0,3.6,6.6,0.47,7.1,1.11,3690.0,TANK,0
-1.3477033682974382,0.3933301482285885,-0.924933574268418,1.3454271117571976,-0.3655015336782146,0.2501621761146518,500.0,26.0,3.5,31.0,226.0,5.0,170.0,900.0,2.1,6.5,0.51,6.9,0.36,3691.0,TANK,0
-1.2727517762754108,0.4542340115191145,-0.764246629113948,1.5748511989230831,0.7285455292515449,0.045659557252459,900.0,26.0,3.5,31.0,370.0,5.0,220.0,2200.0,2.4,5.3,0.0,7.4,0.3,3692.0,TANK,0
2.225370034863429,2.8035601043879494,0.0770465604268487,0.7553632127374071,0.0744003128421856,0.4200468925441059,10678.0,26.0,25.0,31.0,917.0,5.0,766.0,31301.25,2.4,4.8,0.51,6.7,3.0,3693.0,TANK,0
-0.7968514463236906,1.146164319453369,-1.0341418118389012,1.289443101196785,0.1750924333892476,-0.082129753323345,1400.0,26.0,3.0,30.0,640.0,4.0,500.0,2800.0,2.6,6.3,0.0,6.9,0.42,3694.0,TANK,0
-0.2043321470804401,1.8116061781113144,-1.4810997219880295,0.8007214023181609,-0.3357258593107624,-0.2292958173881685,1700.0,26.0,7.0,28.0,244.0,2.0,500.0,16000.0,2.4,5.9,0.0,6.6,0.72,3695.0,TANK,0
3.7505326161620705,1.951306529890618,0.6174491818178869,0.4268257091393574,1.146928918492201,-0.5419180628832427,10678.0,26.0,35.8,31.0,1350.0,5.0,766.0,31301.25,7.05,4.3,0.3,6.8,6.35,3696.0,TANK,0
0.945208922742689,1.0980468482671322,-1.1558872848993855,1.1829224145819195,1.1975752615919222,-0.07333554535794,4000.0,28.0,5.0,29.0,900.0,1.0,766.0,6000.0,5.0,4.0,0.0,7.2,3.0,3697.0,TANK,0
1.1182623299038783,-1.7709084608692898,-0.2471822492811557,1.3710060184216897,3.85922596524972,-1.5626461965706866,356.0,26.0,35.8,30.0,3294.5,4.0,45.0,1500.0,7.05,5.4,0.1,8.2,0.31,4092.0,TANK,0
-1.541715353010996,0.3176847812881892,-1.697810629584106,0.5413258037039366,-0.2554024779057987,-0.4318738816588183,350.0,24.0,2.6,27.0,596.0,3.0,17.0,700.0,2.3,6.9,0.16,6.8,0.56,4498.0,TANK,0
2.5517223718723065,0.693907169186916,-1.2529735686678307,-0.4128642271177333,0.5673734682644885,1.150949510522404,9400.0,26.0,9.0,26.0,1355.0,0.0,330.0,31301.25,5.0,2.8,1.8,7.1,4.0,4501.0,TANK,0
2.6037508792355313,1.0701771109080922,-1.2792706679237895,-0.4020565026158824,0.1287478874508048,1.0655165345835769,10678.0,26.0,13.0,26.0,1298.0,0.0,340.0,31301.25,4.0,3.2,1.7,6.9,4.4,4502.0,TANK,0
2.0714516386898976,1.7566411697092574,-0.4228956207412288,0.1772329292542216,-1.941561172512772,-0.4408006815433696,10678.0,25.0,20.0,29.0,432.0,4.0,84.0,31301.25,2.2,1.8,0.74,6.0,5.0,4503.0,TANK,0
3.1924222679007808,1.7325627908483396,1.04705052958677,-0.3449585859340548,0.5393671342453586,0.3212338267504939,10678.0,22.0,35.8,30.0,2020.0,8.0,766.0,31301.25,3.0,4.3,0.77,6.9,9.7,4513.0,TANK,0
3.8831249593099018,0.8517523368767671,0.1985170197370813,-2.0790201193126983,-0.5252680896813142,0.9561047990154896,10678.0,20.0,16.0,25.0,1718.0,5.0,766.0,31301.25,5.0,0.6,2.3000000000000003,6.5,9.9,4531.0,TANK,0
3.9447738550386457,0.4765032525974709,0.211090497066638,-2.1761598408218252,-0.6541971663131894,1.4274155104805164,10678.0,20.0,18.0,25.0,2014.0,5.0,700.0,31301.25,4.0,1.6,2.3000000000000003,6.6,14.855000000000002,4532.0,TANK,0
-0.1553360704393461,0.3459311706539261,0.6722576721270032,2.846955473721829,-1.5325590545268293,-1.1514501235380397,1500.0,28.0,7.2,37.0,662.0,9.0,180.0,2500.0,1.6,0.1,0.0,6.4,0.1,1383.0,LAKE,0
-1.8458349641372749,0.7998151553839764,-1.946824601793592,-1.384492904297273,-1.8508731689511095,-1.0371942255835402,200.0,18.0,2.0,22.0,132.0,4.0,40.0,430.0,1.2,6.2,0.44,6.0,0.7,1385.0,LAKE,0
-0.3331322575513941,-1.0145650819719332,-0.7096378589319468,-0.583843446316313,1.1624630873788655,-0.0762301589013255,680.0,19.0,4.0,25.0,3294.5,6.0,260.0,920.0,1.4,3.4,0.98,7.5,2.9,1441.0,LAKE,0
-0.9110318081283496,-0.9089065716332424,-1.515799408814785,-0.7755766889533626,1.1476800324101075,-0.2629626639598119,200.0,19.0,2.2,23.0,3294.5,4.0,100.0,410.0,1.4,5.4,0.79,7.4,1.6,1574.0,LAKE,0
1.5883900706351337,2.0279042669984415,0.2557502442369391,1.4510303733893497,0.0791256748451587,-0.0291553064078287,10678.0,25.0,3.6,32.0,3294.5,7.0,430.0,31301.25,0.8,2.5,0.0,6.8,2.31,1575.0,LAKE,0
-2.3492427796018216,0.7772233464212378,-0.5344100867699108,1.1783259622907618,-0.895257879172861,-0.1128963825151806,790.0,23.0,0.9,31.0,60.0,8.0,2.0,1100.0,0.1,6.2,0.02,6.8,0.07,1576.0,LAKE,0
0.143174748162977,0.5175600005337324,-1.390334776692112,1.7212883758624256,-1.8847336651491455,-1.3289236357353469,2100.0,27.0,2.0,30.0,3294.5,3.0,220.0,3400.0,0.2,4.4,0.0,5.800000000000001,1.38,1577.0,LAKE,0
-0.1185708694769893,-0.8614331574228122,-0.820903427414529,1.8373345719906375,0.943700842573128,-0.8342841117843486,1800.0,26.0,5.2,30.0,3294.5,4.0,2.0,2700.0,0.5,1.1,0.03,7.5,0.98,1578.0,LAKE,0
-0.1202426837620043,-0.7846237051027477,-0.4120720756834497,1.964459654083087,-0.064798965844708,-1.243342899458539,600.0,26.0,3.9,32.0,3294.5,6.0,2.0,1100.0,2.1,2.9,0.07,6.8,0.92,1579.0,LAKE,0
-2.142641993090205,0.5057949464466811,0.1555788266346753,1.7807932513901483,-1.2263056587635657,-0.2324683843733161,40.0,24.0,2.6,34.0,43.0,10.0,2.0,102.0,0.3,5.1,0.1,6.7,0.13,1580.0,LAKE,0
-0.8678117771405396,-0.3958494816858564,-0.9837371529193306,1.8916809529164145,-0.0565108266343818,-0.8069006745949565,180.0,26.0,3.9,31.0,3294.5,5.0,2.0,310.0,0.9,6.1,0.04,6.8,0.19,2312.0,LAKE,0
-2.4121066685661323,0.7334196473223715,-0.2863909357039012,1.3406965219608729,-1.101594630175042,-0.1948561429038713,160.0,23.0,1.2,32.0,92.0,9.0,5.0,500.0,0.1,6.3,0.0,6.7,0.14,2318.0,LAKE,0
-2.0277473069447773,0.5127417299935575,-0.3754392448148004,1.4052169198765083,-0.9021244597115536,-0.0922755239064306,490.0,24.0,2.8,32.0,130.0,8.0,2.0,700.0,0.6,6.2,0.0,6.8,2.0,2328.0,LAKE,0
-1.6772708028507164,1.1246490215775329,-1.4055062299512473,1.0550038101695547,-0.932747433828088,0.0086283869667224,2500.0,25.0,2.7,29.0,47.0,4.0,58.0,4600.0,0.2,6.6,0.0,6.7,1.32,2329.0,LAKE,0
-2.1119154599755623,0.6688744382257464,-1.2122126349003115,1.33728244867571,-0.8188513182169358,-0.1641899502589088,250.0,25.0,3.0,30.0,37.0,5.0,4.0,320.0,0.2,6.4,0.0,6.8,0.21,2330.0,LAKE,0
-0.3846827959516908,0.646284014699823,-0.078478475202949,2.5177235919831578,-2.867248038549102,-1.491531683126965,940.0,28.0,6.4,35.0,225.0,7.0,100.0,2000.0,0.4,0.1,0.0,5.800000000000001,0.1,3470.0,LAKE,0
0.7184457087057592,0.1509011155864952,0.6702533832469125,2.5469754159875446,-1.8215913800862356,-2.295686256718825,700.0,28.0,35.8,36.0,385.0,8.0,100.0,2600.0,1.4,0.1,0.0,6.1,0.2,2325.0,POND,0
-2.147650989599093,0.6097565688899989,-0.8109015527435125,2.1603414474019815,-0.6356883168971954,0.3184950298068574,600.0,27.0,1.0,33.0,100.0,6.0,10.0,700.0,0.0,6.6,0.01,7.0,0.5,3462.0,POND,0
-0.6803528070419105,-0.5326167462933693,-0.8218955313283832,1.5094434427579753,0.1399129591702718,0.0413489556900256,356.0,26.6,5.35,31.0,1163.0,4.399999999999999,45.0,1500.0,2.2,4.4,0.51,7.2,2.61,1401.0,POND,0
-0.2271017707305037,-0.7836375865745048,-1.0034859229082007,1.4797507903657567,0.0732379439387005,-0.3484770558565655,356.0,26.6,5.35,30.3,2360.0,3.6999999999999993,45.0,1500.0,2.2,4.4,0.51,7.0,2.61,4557.0,POND,0
-0.3381640397213288,-0.6244393889042811,-1.3002359828901378,1.3505566076191309,-0.0175364654198014,-0.2641363223879885,356.0,26.9,5.35,29.5,1788.0,2.6000000000000014,45.0,1500.0,2.2,4.4,0.51,7.0,2.61,4568.0,POND,0
-1.881751183602371,-1.2396190710529698,0.3342458771137837,-0.5845516428327636,-0.0208352408464145,2.341776203854614,2.0,19.0,2.6,30.0,312.0,11.0,2.0,210.0,1.3,7.4,2.3000000000000003,7.6,5.59,1373.0,LAKE,0
-0.1098160039366526,-2.2349774564719422,0.6832809097481582,-1.3531814682616117,0.5146592513947156,2.198670459743496,240.0,19.0,8.0,29.0,396.0,10.0,70.0,1600.0,5.2,6.4,2.3000000000000003,7.7,14.855000000000002,1374.0,LAKE,0
-2.1220573326420293,0.2632548500094898,-1.417669750999034,1.1200168665121828,0.4950464897938635,0.4450171882517308,2.0,25.0,1.4,29.0,384.0,4.0,2.0,1600.0,1.3,8.1,0.0,7.4,2.29,1466.0,LAKE,0
-2.882784540128554,0.3608227793253751,0.756059175365107,-0.034472488273633,-0.1506705588061554,-0.0311564242011028,12.0,16.5,1.8,30.6,435.0,14.1,2.0,40.0,1.1,7.4,0.2,7.1,1.34,2128.0,LAKE,0
-2.6680678417990173,-0.2811000529121536,3.273724422660193,0.0263838254071332,-0.2771647558043169,-0.2352215133947727,6.0,12.0,2.9,36.0,1155.0,23.0,2.0,110.0,1.8,5.0,0.6,7.1,1.22,2130.0,LAKE,0
-2.150905827653782,-0.4176592422985599,0.1228100631176823,-0.3836082415820716,0.4773813033422966,0.1133601256669066,2.0,17.0,2.1,28.0,1451.0,11.0,2.0,96.0,1.0,5.9,0.62,7.4,1.95,2131.0,LAKE,0
-2.590972846120423,-0.1956912832300634,0.1821041050296658,-0.3027559715136059,1.2985245309806068,0.2931617304428976,2.0,17.0,2.4,28.0,551.0,11.0,2.0,170.0,1.3,6.3,0.0,7.9,4.39,2132.0,LAKE,0
-2.3227977188608304,-0.2370479584339703,0.1814179461068418,-0.2788831961633315,0.7967993747417234,-0.0777824808056805,2.0,17.0,2.6,28.0,884.0,11.0,2.0,120.0,1.1,5.0,0.26,7.6,1.9,2133.0,LAKE,0
-2.546742253759501,0.3671563553146817,-0.2151696157916708,-0.107767527249132,-0.0545800873380937,-0.3733766246170564,2.0,18.0,1.4,28.0,450.0,10.0,2.0,70.0,1.0,6.2,0.01,7.1,1.16,2134.0,LAKE,0
-2.5050170848055644,0.3201084217595434,0.3462647511810094,0.9200638003815236,-0.2436786489844558,-0.0703404142047889,2.0,20.5,1.5,32.0,399.0,11.5,2.0,47.0,0.9,6.2,0.12,7.1,0.41,2135.0,LAKE,0
-0.7970059839681057,-1.6879113538092156,0.4537100594729593,-1.191949662613618,0.4121241448533072,1.7933930046234994,240.0,18.0,14.0,28.0,548.0,10.0,2.0,2600.0,1.7,6.3,1.57,7.8,14.855000000000002,2136.0,LAKE,0
-1.745090473459598,-1.4008547991203024,0.6957377138510698,-0.4723398853286926,0.2259384568362481,2.322711825104613,2.0,19.0,2.9,31.0,294.0,12.0,2.0,280.0,2.1,7.1,2.3000000000000003,7.7,5.84,2137.0,LAKE,0
-2.142919115260362,-1.221377009872867,1.5893556312348396,-0.4388439648636559,0.022489007148815,2.232767299776776,2.0,17.0,2.7,33.0,293.0,16.0,2.0,220.0,2.0,7.4,2.3000000000000003,7.6,4.58,2138.0,LAKE,0
-2.050226486257886,-1.435985339640837,1.423896822899396,-0.331392265532586,0.1225767329768286,2.7109895664086268,2.0,18.0,2.9,33.0,298.0,15.0,2.0,240.0,1.3,7.6,2.3000000000000003,7.8,7.7,2139.0,LAKE,0
-2.2141216805550252,-0.6725191778763558,0.4476866952942808,-0.700384760176449,0.2104176435984253,1.1602253762819466,2.0,17.0,3.0,29.0,283.0,12.0,2.0,94.0,1.6,6.4,1.5,7.5,2.75,2140.0,LAKE,0
-2.015701452816277,-0.3767701226165018,0.1323180228834885,0.0548063190183533,0.643187260267773,-0.1320060830564089,2.0,18.0,2.8,29.0,2328.0,11.0,2.0,210.0,1.3,7.8,0.16,7.3,3.56,2141.0,LAKE,0
-2.711314092587721,0.1652380818239653,0.6909815118530709,-1.0075765158530905,0.3811712415600787,-0.7858659380071551,2.0,13.0,2.3,27.0,666.0,14.0,2.0,48.0,1.2,4.5,0.0,7.3,0.86,2142.0,LAKE,0
-2.4776259138236827,-0.1614424240840235,0.3591866062393394,-0.2887682305754729,0.2581637030343932,0.3264688735720973,2.0,17.0,1.9,29.0,690.0,12.0,2.0,63.0,0.9,6.4,0.47,7.4,3.23,3296.0,LAKE,0
-0.98404420548823,-1.3772336020546927,-0.4360665384947728,-0.1057211702925714,-0.2797061692362436,1.399768841911183,3.0,22.0,2.8,29.0,830.0,7.0,3.0,28.0,1.8,4.5,2.2,7.3,2.8,3845.0,LAKE,0
-2.1913254362386008,0.1009005591157557,0.115796648444434,-0.1162924330889077,0.0754504421004143,-0.3114293548947057,39.0,18.1,4.4,28.9,596.0,10.799999999999995,2.0,540.0,2.0,6.6,0.22,7.1,1.81,4614.0,LAKE,0
-2.2499176965669636,-0.1173558884501075,1.080433011595733,0.3476786769643136,0.252376204607996,-0.0023149170984325,48.0,18.0,5.2,32.1,642.0,14.1,2.0,540.0,2.0,6.4,0.29,7.3,2.61,4615.0,LAKE,0
-2.9577014460607485,0.402855933554668,0.8393129960569066,0.5733848786029869,0.1572807738264403,-0.0140729870158938,2.0,18.0,1.2,32.0,362.0,14.0,2.0,24.0,0.9,6.8,0.0,7.3,0.46,4622.0,LAKE,0
-2.3179822701706168,0.2038923775454443,-1.6121673302585335,0.3407331770538442,0.689577537686863,0.0930330601715574,36.0,22.0,2.0,26.0,746.0,4.0,2.0,70.0,0.2,6.8,0.0,7.5,1.16,3297.0,POND,0
-1.9359388757946092,0.3319666282813666,-2.6639644175787565,-0.4551046751726409,0.5183267055836647,-0.428862787924799,6.0,22.0,2.2,22.0,296.0,0.0,2.0,63.0,1.8,6.8,0.0,7.2,0.77,3298.0,POND,0
-1.958476810630302,-0.0642271725920232,0.7865379200740892,-0.1633550781274328,0.2910298690724973,-0.550320184239257,240.0,17.0,5.4,30.1,853.0,13.1,2.0,1100.0,3.2,6.4,0.2,7.1,2.0,3299.0,POND,0
-0.6719249738344438,-0.8572637734603579,1.4432046341538614,0.518756213838268,-0.0687384476910177,-1.2184794210494838,350.0,18.0,13.0,32.5,3294.5,14.5,2.0,1600.0,2.1,4.8,0.28,6.8,3.64,3300.0,POND,0
-2.014956011946552,-0.7806582538452616,3.0412243667789047,0.5567322269490144,0.7201718415371323,-0.5819640730684673,120.0,13.9,4.0,35.9,3294.5,22.0,2.0,540.0,2.2,6.1,0.25,7.3,2.0,3301.0,POND,0
-1.8249712443174049,-0.0543321248284769,-0.8174839324941743,-0.3655243448046994,0.0849714621605577,-0.4767674117980188,2.0,19.0,3.8,26.0,974.0,7.0,2.0,170.0,1.4,6.0,0.0,7.1,4.29,3302.0,POND,0
-2.5665510245016345,0.1418933945012805,1.110949544271742,1.4612178304418078,-0.038304282058248,0.249544416770044,4.0,21.0,1.5,35.0,382.0,14.0,2.0,39.0,1.0,6.0,0.21,7.3,0.49,3303.0,POND,0
-2.72004629202293,0.1743765526083168,2.489135739965376,1.84662341751635,-0.1647741079924906,0.0081888669504994,2.0,20.0,2.0,38.5,580.0,20.0,2.0,21.0,1.6,6.2,0.0,7.2,0.8,3304.0,POND,0
-2.2383378139930494,0.0422805567090805,0.4132146863041548,-0.5518931460471773,0.6198336671668235,-0.6506901590166649,140.0,15.8,7.2,27.9,796.0,12.099999999999998,2.0,430.0,2.2,6.2,0.0,7.3,2.0,3830.0,POND,0
-2.863402153952371,-0.0123391001950158,2.902225153337339,0.287759239886355,0.1413098565631508,-0.0190976132549078,84.0,14.0,4.8,35.8,512.0,21.799999999999997,2.0,430.0,2.2,6.4,0.34,7.3,1.6,3831.0,POND,0
-2.332579347899862,0.2031918189594581,0.1576664925253512,0.0829128595684179,-0.1834614062006064,-0.5455899748884082,2.0,18.0,1.8,29.0,529.0,11.0,2.0,60.0,0.8,4.5,0.03,7.1,1.13,3849.0,POND,0
-2.499723184151241,-0.0176900014350033,-0.1379561345240243,-0.1680243129777115,0.592449787108816,0.1587578917308025,2.0,18.0,1.9,28.0,656.0,10.0,2.0,63.0,1.0,6.6,0.18,7.5,2.82,3850.0,POND,0
-1.9224461648403612,-0.6072647626659065,0.779855194305131,-0.0176535604522493,0.6606881936169053,-0.452146143412407,10.0,16.1,1.9,29.9,3294.5,13.799999999999995,2.0,41.0,1.4,7.2,0.34,7.2,1.6,2129.0,TANK,0
-2.593327436678447,0.4451216276285947,0.7380579209029022,-0.5355426283684787,-0.1109405198406179,-0.873536016640693,5.0,15.0,4.3,29.0,358.0,14.0,2.0,200.0,2.5,6.5,0.02,6.9,0.03,1425.0,LAKE,0
-2.094608902051976,-0.0622209613220546,0.7437320780430076,-0.3428217450984618,0.311151238637774,-1.131351043391177,55.0,15.0,4.5,29.0,2442.0,14.0,2.0,90.0,2.2,7.1,0.03,6.9,0.03,1426.0,LAKE,0
-2.4324513178621374,0.3402778841231779,0.807774620935183,-0.517805757863795,-0.177035684452927,-1.0208468064417968,10.0,15.0,3.6,29.0,347.0,14.0,2.0,120.0,2.5,5.2,0.02,6.9,0.03,1629.0,LAKE,0
-2.505487184619564,0.2686498544096675,0.3107414055315531,-0.460100252165343,0.3811736325733355,-0.7025050129003189,2.0,16.0,3.8,28.0,411.0,12.0,2.0,100.0,2.2,5.8,0.02,7.2,0.03,1630.0,LAKE,0
-1.3557566726882602,-0.5671328599385382,0.513949201715245,-0.1791277076073228,0.5756168249148971,-1.558527925855364,15.0,16.0,4.7,28.2,3294.5,12.2,2.0,280.0,2.1,4.4,0.02,7.0,0.03,2837.0,LAKE,0
-2.331523596195959,0.4797576214316029,0.2587202394854395,-0.5876182441070742,-0.3791222405929778,-1.052764643294387,45.0,16.0,3.8,28.0,311.0,12.0,2.0,142.0,2.9,6.4,0.03,6.7,0.03,2839.0,POND,0
-1.7778780860668089,0.1840316037493366,0.8529802139309496,-0.4276612532605352,0.4812064126179534,-1.4213946986069916,15.0,16.0,26.0,29.0,297.0,13.0,2.0,185.0,2.5,6.1,0.0,7.1,0.03,2840.0,POND,0
-2.228294435811738,0.3808293206816137,0.5878204360278692,-0.3695900350302535,-0.5276830424716074,-1.162334955172757,25.0,16.0,4.1,29.0,430.0,13.0,2.0,130.0,2.4,5.1,0.02,6.7,0.03,2841.0,POND,0
-2.359031464094463,0.645593895051893,0.4069950864548487,-0.4856134099742022,-0.9494996555497122,-1.180321046074862,20.0,16.0,3.8,28.8,334.0,12.8,2.0,120.0,2.7,6.8,0.02,6.4,0.03,2842.0,POND,0
-2.2470406519435477,0.2168681740400121,0.1940149600996524,0.0682907518780213,-0.0110174980253167,-0.7346571322017494,15.0,18.0,3.4,29.0,451.0,11.0,2.0,70.0,1.5,4.5,0.03,7.1,0.03,2843.0,POND,0
-1.3996479576612328,-0.5128572701059221,0.0034825604461195,0.3821626871233667,0.9069653054663952,-1.0814273649795023,10.0,19.0,3.8,29.0,3294.5,10.0,2.0,170.0,2.7,6.8,0.02,7.1,0.03,2844.0,POND,0
-2.401538750157607,0.4456088473227791,0.4142789651972549,0.4213566876949797,-0.201781670211668,-0.5478629559544825,20.0,19.0,4.1,31.0,311.0,12.0,2.0,150.0,2.4,7.1,0.02,6.9,0.03,2845.0,POND,0
-1.6944424459451677,-0.2953690879530863,0.2457485585201427,0.4795176456071406,0.6951749338347014,-0.8888239899035452,20.0,19.0,3.9,30.0,2552.0,11.0,2.0,55.0,2.6,6.9,0.02,7.1,0.03,2846.0,POND,0
-2.2516002608761605,0.4689782088937698,0.0861244009244961,-0.0617871931636178,-0.4890651622607135,-0.8944243668837001,25.0,18.0,3.4,29.0,407.0,11.0,2.0,80.0,2.4,6.4,0.02,6.7,0.03,2847.0,POND,0
-1.938980966247246,0.1169107599008573,-0.1923660083931585,0.3522776682633918,0.1378571582423027,-0.7242814635003949,25.0,20.0,3.3,29.0,550.0,9.0,2.0,140.0,2.2,4.8,0.03,7.1,0.03,2848.0,POND,0
-2.2435199182919456,0.2809000969036647,0.162121474122961,0.0122631356073167,-0.0442047999296915,-0.7688793009358914,5.0,18.0,3.2,29.0,463.0,11.0,2.0,200.0,2.1,5.4,0.02,7.0,0.03,2849.0,POND,0
-2.0792523491278905,0.3168207782268546,0.5010634939209344,0.4121207086114192,-0.3303139150797481,-0.8367441182600766,55.0,19.0,3.6,31.0,476.0,12.0,2.0,495.0,2.8,5.9,0.02,6.8,0.03,2850.0,POND,0
-1.9669006212275355,0.1913189577932783,0.7906623044231256,0.3182686581525616,-0.4871715545152409,-1.059969351759786,50.0,18.0,3.6,31.0,600.0,13.0,2.0,525.0,2.2,4.0,0.03,6.8,0.03,2851.0,POND,0
-0.7483270053897807,1.1028921508322875,0.2315325930348838,-1.67429306723215,0.8272837418829757,-0.676690176314343,2700.0,15.0,8.4,25.0,133.0,10.0,540.0,4900.0,5.2,5.4,0.33,7.0,1.52,1347.0,LAKE,0
-1.744152481921799,1.037931516128851,-0.9059598609685966,-3.072588219585769,0.5390020475765447,-1.0411340381826066,2200.0,11.0,4.8,19.0,158.0,8.0,240.0,4800.0,3.8,6.2,0.25,6.9,0.83,1348.0,LAKE,0
-2.877003653344184,0.6323270643356171,-0.3793097742375574,-2.0440825687516773,-0.4068284702513862,-0.7594994756588459,33.0,12.0,2.0,23.0,59.0,11.0,12.0,240.0,1.4,6.6,0.26,6.8,0.71,1459.0,LAKE,0
-0.0447006238685335,1.277371359289463,0.1699656242020308,-1.9541195834914835,0.9042616679033344,-0.8777533272182911,2700.0,15.0,9.5,24.0,182.0,9.0,766.0,5800.0,6.0,4.2,0.39,6.9,1.7,3346.0,LAKE,0
-1.0138275440343183,0.8428364001694673,0.1788681355751779,-1.6282038813722777,1.069082033220777,-0.5081908245208221,2700.0,15.0,8.1,25.0,135.0,10.0,410.0,4700.0,5.0,5.7,0.36,7.2,1.61,3347.0,LAKE,0
-0.5851395688240159,1.1662477427577358,-0.213879870811107,-1.6312448587331312,1.097882358215228,-0.6902708187359061,2400.0,16.0,8.8,24.0,140.0,8.0,580.0,6300.0,5.2,5.2,0.25,7.1,1.26,3348.0,LAKE,0
-2.794919117508452,0.5326045330769097,1.2752026688043183,0.0319071043037539,-0.7368064224733553,-0.334069503163892,47.0,16.0,2.3,32.0,83.0,16.0,21.0,280.0,1.5,6.5,0.25,6.8,0.46,3349.0,LAKE,0
-2.570354681567659,1.1544316972468465,0.694395625879491,-1.4234532452580029,-2.062666871510921,-1.6351637282437734,356.0,12.0,1.9,27.0,78.0,15.0,45.0,1500.0,1.5,5.4,0.0,5.9,0.19,3723.0,LAKE,0
-2.336404983397889,0.5024041147594791,0.5763394523071873,-0.5843845958504157,-0.5136372093885258,-0.9967636153729784,356.0,15.0,2.2,28.0,241.0,13.0,45.0,1500.0,0.9,3.1,0.02,6.9,0.22,3722.0,POND,0
-2.013802069092814,0.6466993613670504,-0.2674493997369351,-1.1703998270715223,-0.9075155868335012,-1.4694606409826385,356.0,15.0,1.9,25.0,210.0,10.0,45.0,1500.0,1.9,3.6,0.0,6.5,0.16,3755.0,POND,0
-1.881650777451244,1.1767343045176628,-2.057979983685186,-1.8702741656946733,-2.058480651346382,-1.828000360064508,356.0,16.0,1.7,20.0,38.0,4.0,45.0,1500.0,1.1,4.9,0.0,5.800000000000001,0.16,3743.0,TANK,0
-1.5077044458151427,0.0284745945640879,1.2152218529933962,1.6108983133200916,-0.7244658835517921,-0.6071901451740334,356.0,22.1,2.7,35.0,149.0,12.9,45.0,1500.0,1.3,1.1,0.08,7.0,1.2,2886.0,LAKE,0
-1.814327665272052,0.1532946287562176,1.257781733310315,0.8437286758828135,-0.8459607042400558,-0.5439297756493663,356.0,19.4,2.7,33.4,181.0,14.0,45.0,1500.0,1.2,2.6,0.09,6.9,2.6,2887.0,LAKE,0
-1.1562858610578113,-0.0200426113498802,-0.0070220577285802,0.6094297131396877,-0.4436216589476532,-0.7949766269324102,1700.0,20.0,2.2,30.0,3294.5,10.0,20.0,3500.0,0.8,6.4,0.2,6.6,1.24,2437.0,LAKE,0
-2.2592481121505945,1.0459123563269104,2.2960553601187583,0.8253765816900404,-1.3432817240327235,-0.3116732416215719,3500.0,17.0,2.1,36.0,234.0,19.0,20.0,5400.0,0.8,4.9,0.11,6.6,0.98,2438.0,LAKE,0
-1.7543814649971996,-0.4935911338928426,1.0807413031660096,-0.8549195541906367,0.9752013380141908,-0.4944114284377,1100.0,13.0,2.5,28.0,3294.5,15.0,2.0,4900.0,1.2,6.2,0.13,7.4,4.5,3953.0,LAKE,0
-1.341137954080453,0.5327854215448755,0.9858179948284932,-0.8924107121346588,-0.4295373678736298,-1.2592087994759706,3500.0,14.0,6.6,28.0,1385.0,14.0,45.0,5400.0,1.8,3.5,0.12,6.7,1.31,3954.0,LAKE,0
-2.5014749047451867,0.8217585787392004,2.271386149707733,1.1643897865245068,-1.418978447289902,-0.1945474351316589,1400.0,18.0,1.9,37.0,213.0,19.0,20.0,4300.0,0.7,5.6,0.13,6.6,1.15,3955.0,LAKE,0
-2.110433194217587,1.3116423436334257,2.358975866027135,1.1052419708782355,-1.6276978796373605,-0.1166187622420974,4600.0,18.0,2.8,37.0,203.0,19.0,40.0,7000.0,0.3,5.2,0.11,6.5,1.49,3956.0,LAKE,0
-2.341231728340106,0.9325220941004656,2.5532885626910486,0.9079279975612332,-1.5020591763422575,-0.0297233871806582,3300.0,17.0,1.9,37.0,215.0,20.0,20.0,4600.0,0.6,5.6,0.12,6.6,3.15,3957.0,LAKE,0
-0.2378906718399518,2.1126013257413003,1.4144684131740397,-0.525390475313085,-1.0549686041564548,0.67175554236974,10678.0,17.0,2.9,31.0,560.0,14.0,45.0,31301.25,1.0,5.4,0.02,6.7,9.86,2431.0,POND,0
0.1406700847957316,1.0724692252192964,0.3845322376407498,0.0649751848545931,0.3140163727863452,-0.2714247936218045,10678.0,20.0,8.7,29.0,1317.0,9.0,2.0,16000.0,1.6,2.4,0.11,7.2,3.55,2432.0,POND,0
0.784317114487372,1.3557994944513616,0.8637511660198861,-0.2933893694161312,0.0286434309434135,0.714957368150479,10678.0,20.0,10.1,30.0,796.0,10.0,45.0,31301.25,2.1,3.9,0.2,7.2,10.82,2433.0,POND,0
-0.1001995252132051,1.3326168854278682,0.6347245316789187,0.1740464874018617,0.2020608028690928,-0.1263948264214082,10678.0,20.0,6.8,30.0,653.0,10.0,20.0,17000.0,1.9,2.2,0.15,7.2,2.45,2434.0,POND,0
0.6919321741294939,-0.2390156186081501,0.3347201894519184,-0.0008961130201141,-0.3490865519946121,-0.8876809259216903,2400.0,21.0,21.6,29.0,1368.0,8.0,20.0,16000.0,2.0,2.0,0.19,6.9,8.95,2435.0,POND,0
1.2338694245015944,1.557373657744093,0.5782203861325313,0.298092830510473,0.3627896987397716,-0.8865850489564407,10678.0,22.0,29.9,30.0,576.0,8.0,130.0,22000.0,2.7,2.4,0.13,7.0,1.9,2436.0,POND,0
-1.9451616601793724,0.4419581251929415,0.0763800796604728,0.3607852777048445,0.0498585308728913,0.084508297736886,1700.0,20.0,2.4,30.0,434.0,10.0,20.0,4900.0,1.4,6.0,0.16,7.2,2.34,3962.0,POND,0
0.1608000223099267,1.2165607340003828,0.4039490096027582,0.2707839232762192,-0.2022245955451527,-0.0589202207565187,10678.0,21.0,9.8,30.0,1049.0,9.0,20.0,16000.0,1.3,3.2,0.17,7.0,4.72,3963.0,POND,0
-1.5389192081708185,0.2322492938254959,-0.6897731370170765,0.5682832812708152,1.0349338454763244,-0.2776786429359567,300.0,22.0,4.2,28.0,447.0,6.0,220.0,500.0,1.7,3.6,0.02,7.6,0.11,1396.0,LAKE,0
-0.7430184468473403,-0.1063978982496482,-0.2354103349485972,1.8393459640652947,0.7077703525369058,-0.4776306905517339,430.0,26.0,4.7,32.0,591.0,6.0,220.0,540.0,2.2,1.1,0.03,7.5,0.06,1686.0,LAKE,0
-0.3777777328808662,2.9912178948123618,1.1045439285733212,1.620600904915783,1.3969233374682877,1.5934860305501095,7900.0,24.0,2.6,35.0,341.0,11.0,766.0,28000.0,1.4,6.1,0.0,7.7,0.22,4634.0,LAKE,0
-2.569524051171591,1.1685999047244646,2.08723483632737,-0.5799582243078184,0.0707397000557845,0.5181691853344844,2700.0,13.0,2.1,32.0,380.0,19.0,300.0,6300.0,1.0,6.9,0.5,7.2,1.0,1297.0,LAKE,0
-2.3719192642822353,1.0496486215537408,2.182677113707756,-0.5431157850522409,0.0850918494020989,0.2434891566331687,2100.0,13.0,3.9,32.0,410.0,19.0,360.0,4600.0,1.0,5.8,0.4,7.2,1.4,1382.0,LAKE,0
-3.4066298936091375,0.5515256841972884,1.435969486044561,-1.4845503833639446,0.3627332147586398,-0.5319612751234334,43.0,10.0,1.0,28.0,226.0,18.0,26.0,84.0,2.2,7.2,0.1,7.2,0.1,2912.0,LAKE,0
-1.1144896396470327,-0.3458390498147035,-1.2919620251891537,-1.6307414893985526,-2.804406243897813,0.1358265628828211,64.0,18.0,3.04,24.0,780.0,6.0,11.0,120.0,0.7,5.8,2.0,5.800000000000001,3.11,1285.0,LAKE,0
-0.7603403773442683,-1.740722181460107,-0.2725365934904238,-1.1761754301255591,0.8937652923220242,0.9346212597346044,150.0,18.0,6.8,26.0,1860.0,8.0,9.0,460.0,3.0,5.0,2.14,7.6,2.8,1286.0,LAKE,0
-0.6213663986136391,-1.6524343986218228,2.311024431356554,-0.8422362543713622,-0.3975110650020687,0.2913737041260975,75.0,15.0,22.5,32.0,570.0,17.0,20.0,210.0,1.7,0.9,2.2,7.3,3.5,1414.0,LAKE,0
-1.6558597025039683,-1.1505014993963767,-1.5441463246252267,-1.5458269914536544,1.379188874041925,1.1992026142886294,39.0,18.0,2.2,22.0,880.0,4.0,11.0,150.0,1.4,5.1,1.67,8.0,2.36,1481.0,LAKE,0
-1.5760625130316193,-0.8317691153081943,-0.3308080310388677,0.1905121261798995,-0.6512896392321749,1.4305348453009066,23.0,22.0,1.6,30.0,390.0,8.0,7.0,39.0,0.7,5.3,1.84,7.2,2.74,1714.0,LAKE,0
-2.1969444761138823,-0.7506169437042346,1.1817758551300523,-1.6566214489970283,-0.5605553870316098,0.7880832870292417,93.0,12.5,3.6,28.0,370.0,15.5,9.0,150.0,0.8,4.3,1.78,7.2,3.12,1716.0,LAKE,0
-1.6244482454025329,-1.0040804558091876,1.2282492638275913,-0.1263171852687426,-0.4349803611968561,1.0053953911598106,75.0,18.0,3.4,32.0,480.0,14.0,20.0,150.0,1.4,3.6,1.77,7.3,2.74,2935.0,LAKE,0
-1.3380949566422031,-0.389787840568281,-2.134238955566288,0.2204714553549081,-0.6504717604748353,0.8172323237305238,23.0,25.0,1.6,26.0,290.0,1.0,7.0,64.0,0.74,5.6,1.34,7.0,1.54,2936.0,LAKE,0
-2.0742978535889547,-0.5275600411021995,0.7428498735275294,-0.2419046053927997,-0.7100673721190884,1.0152784941971744,39.0,18.0,3.8,31.0,280.0,13.0,9.0,75.0,0.9,5.8,1.6,7.1,2.2,2937.0,LAKE,0
-1.448828297178727,-1.1465933271620612,-1.0153568495987817,-1.8977636330484955,0.6590303883885953,0.642794713390191,93.0,16.0,2.76,22.0,650.0,6.0,11.0,240.0,1.2,2.5,1.7,7.7,2.37,2938.0,LAKE,0
-1.6703567978254998,-1.072162654866198,-0.955820001351402,-1.807012778709051,0.4493072088253811,0.9341014707883424,93.0,16.0,3.04,22.5,620.0,6.5,11.0,240.0,0.2,2.9,1.82,7.7,2.37,2939.0,LAKE,0
-1.6782110960614154,-1.1047517721303537,-0.6896941330656388,-2.291456875751028,0.6927790769381837,0.7123248889993377,93.0,14.0,3.52,22.0,1000.0,8.0,11.0,210.0,1.6,4.5,1.82,7.6,2.28,2940.0,LAKE,0
-2.194997946086083,-0.6937133740555497,-1.3133606686133292,-1.8843857933815116,0.8194970728100004,1.166840348764652,39.0,16.0,2.1,22.0,660.0,6.0,11.0,148.0,0.9,6.8,1.6,7.7,2.2,2941.0,LAKE,0
-2.2782044046908294,-0.6738065343122089,-1.3464504052102524,-1.893912060844174,0.7493557189374958,1.3008139358716946,64.0,16.0,1.9,22.0,630.0,6.0,9.0,120.0,0.6,7.0,1.68,7.7,2.1,2942.0,LAKE,0
-1.8261796753118276,-1.0922297387980464,1.7862109692231485,-1.059914206065483,0.2641208546667858,0.4515573300447522,150.0,13.0,5.7,30.0,1320.0,17.0,23.0,240.0,1.3,3.5,1.46,7.5,3.15,2943.0,LAKE,0
1.060222244309634,-2.959665380668236,1.384043642386042,-1.5326590094465162,2.0873882882905614,-0.5828389643315978,240.0,15.0,28.2,27.0,3294.5,12.0,39.0,460.0,5.0,0.5,2.21,7.9,3.12,2944.0,LAKE,0
-0.9824173319982954,-1.4434822920982744,-0.204866018983229,-0.6702586849175778,1.762642588063128,0.2071710480480268,240.0,18.0,8.4,26.0,2100.0,8.0,20.0,460.0,2.1,3.4,1.14,8.0,2.28,4795.0,LAKE,0
-1.2674688207950495,-1.1241858622566567,-0.9810499239794418,-1.2982396901510131,0.1984658785770173,0.7097733235170086,64.0,18.0,3.4,24.0,1130.0,6.0,9.0,210.0,1.2,4.0,1.76,7.4,2.46,4179.0,POND,0
-1.8729561174905696,0.5018864593719223,-0.7119432415314665,-1.0438370575272822,-0.863081729978105,-1.0237331289963068,63.0,17.0,5.6,25.0,130.0,8.0,46.0,84.0,2.3,6.3,0.0,6.5,3.55,1420.0,LAKE,0
-0.7269045072583741,-0.1573096260018206,-0.6657195351903252,-1.8975101831825985,-1.3198705839283251,-0.2751119945042679,700.0,16.0,8.4,23.0,629.0,7.0,170.0,2200.0,0.6,4.6,0.2,6.6,14.855000000000002,1421.0,LAKE,0
-1.412175601496847,0.3453764516637488,-0.6822754504253328,-0.1432909164730191,-0.7444679444269607,-0.7168947471864089,680.0,20.0,4.8,27.0,561.0,7.0,79.0,1700.0,1.3,4.7,0.03,6.7,3.87,1452.0,LAKE,0
-1.7181408195671826,-0.3266506439484979,2.0113799477321006,1.6900907243397318,0.0283968954540674,-0.0504108566821869,220.0,21.0,12.0,37.0,683.0,16.0,22.0,540.0,0.9,4.2,0.08,7.4,4.38,3007.0,LAKE,0
-2.3139797849065302,0.59141693972724,2.8722420376969313,-1.0456314536169224,-0.3870020794205126,-0.9682824922311394,1100.0,10.0,14.0,31.0,941.0,23.0,45.0,9200.0,0.0,4.0,0.0,7.0,3.05,3008.0,LAKE,0
0.3358757913544493,-0.5455398771638155,-1.278470275036966,2.1615466126447864,-0.5271007445466878,-1.346380084702341,250.0,29.2,12.0,31.0,2360.0,1.8000000000000007,2.0,2790.0,2.0,3.0,0.0,6.6,2.05,3009.0,LAKE,0
0.4321643772421225,-0.5615632701619193,-1.3359476007526858,2.2381091782398173,-0.0479644318065807,-1.0695981216172712,390.0,30.0,16.0,31.0,1950.0,1.0,45.0,2800.0,2.0,3.0,0.0,6.9,2.8,3010.0,LAKE,0
0.1937893680209972,-0.5752614192144168,-0.2604329836750206,1.3211019461670015,-1.2784982248254773,-1.9185787103666732,680.0,24.0,9.0,31.0,3294.5,7.0,2.0,930.0,2.0,3.1,0.0,6.1,3.05,3011.0,LAKE,0
-1.0635524861735466,-0.1885500567868294,-0.4398217994510924,0.6391064948201022,-0.2568714335910013,-1.0021195527152142,78.0,22.0,5.0,29.0,1053.0,7.0,45.0,330.0,2.0,2.7,0.18,6.9,0.65,4823.0,TANK,0
2.169765996518797,-2.0716778002467207,0.933236592580972,-0.3294307265964422,0.5470414565622682,-2.1730797959175,920.0,21.0,32.0,29.0,1786.0,8.0,20.0,1600.0,7.05,0.1,0.0,7.0,14.855000000000002,1391.0,LAKE,0
2.7851357883989274,-3.3457959344148684,0.6569633709874139,-0.3495792724042422,0.3333368826930797,-0.3574348929545246,70.0,24.0,35.8,30.0,1610.0,6.0,2.0,540.0,7.05,0.0,2.3000000000000003,7.2,11.7,1788.0,LAKE,0
-0.929228805647546,-0.5694122358583096,-0.7206533465877843,1.0009721884248697,-0.2049910407603195,0.0496737173203339,8.0,25.0,4.0,30.0,444.0,5.0,2.0,80.0,2.0,4.4,0.0,7.2,9.0,1789.0,LAKE,0
2.2180717794760283,-2.965275909498622,0.4381617083442667,-0.0828809947545135,0.5523295209904246,-0.4889377210916948,34.0,24.0,28.0,30.0,1819.0,6.0,14.0,470.0,7.05,0.0,2.3000000000000003,7.2,6.0,2340.0,LAKE,0
2.014564533871439,-2.768053606441221,0.0172674889924935,-0.2030626879409248,-0.0552285075891062,0.2780691421396535,36.0,25.0,26.0,30.0,1759.0,5.0,22.0,430.0,7.05,4.4,2.3000000000000003,6.9,11.0,2341.0,LAKE,0
3.620224019611501,-3.936315017818607,0.3592799198729088,-0.0298539817217488,0.4893950405788202,-0.331411260546858,94.0,26.0,35.8,30.0,2980.0,4.0,20.0,540.0,7.05,0.0,2.3000000000000003,7.2,14.855000000000002,2342.0,LAKE,0
-1.5692023856831805,-0.0697141965416799,-0.9191117861881436,1.2701145852312818,0.2852739358459035,-0.1678430610655934,2.0,25.0,3.0,30.0,340.0,5.0,2.0,42.0,2.0,5.0,0.0,7.3,2.0,3068.0,LAKE,0
-1.04818441449143,-0.415747795995229,-0.3632399766755398,0.7987425945633986,-0.0935810861175924,-0.6335036777492149,2.0,23.0,4.0,30.0,820.0,7.0,2.0,38.0,3.0,3.8,0.26,7.0,2.3,3069.0,LAKE,0
2.167416866807159,-2.820385787630944,-0.0891936076310492,0.3202251111305531,0.3817580838329129,-0.4317003878370698,40.0,26.0,22.0,30.0,1883.0,4.0,11.0,540.0,7.05,0.1,2.2,7.1,5.2,3070.0,LAKE,0
2.51578074598062,-3.004907393829891,-0.1819128198766401,0.2914322551377836,0.1862589065151671,-0.2169793909568818,62.0,27.0,26.0,30.0,1511.0,3.0,8.0,590.0,7.05,0.0,2.3000000000000003,7.1,8.0,3071.0,LAKE,0
2.746603184845087,-3.4152987796131273,0.8216461680238518,-0.6160165603558905,-0.2164361849491228,-0.1277457899320939,26.0,23.0,28.0,30.0,1762.0,7.0,20.0,580.0,7.05,0.0,2.3000000000000003,7.0,14.855000000000002,3072.0,LAKE,0
2.9179368346423185,-3.3894951657314354,1.113327308877111,-0.8289355878684534,-0.3163477233568051,-0.4631969916046547,28.0,22.0,35.8,30.0,1666.0,8.0,20.0,560.0,7.05,0.0,2.3000000000000003,6.9,14.855000000000002,3073.0,LAKE,0
1.650711752125232,-2.289311459799393,0.6522821174071654,0.7328771458681475,0.5023447069449711,-0.9182794330087388,40.0,25.0,30.0,32.0,1360.0,7.0,4.0,540.0,6.0,0.0,1.6,7.2,4.0,3074.0,LAKE,0
3.259553595897213,-3.5361591468746054,0.5220310729971868,-0.1596992888166577,0.2504898808829703,-0.5636977564818597,90.0,25.0,35.8,30.0,2295.0,5.0,17.0,540.0,7.05,0.0,2.0,7.1,14.855000000000002,4229.0,LAKE,0
2.739735724485876,-3.207342749323927,-0.0487100643184749,0.2662748848409721,0.4913027612167031,-0.1451501252779702,120.0,27.0,28.0,30.0,1610.0,3.0,20.0,540.0,7.05,0.0,2.0,7.3,12.0,4234.0,LAKE,0
2.5976949489753376,-3.5047160510967825,2.193874268381692,0.3380843526471546,-0.3312519655060362,-0.0071474767956056,180.0,23.0,35.8,35.0,2332.0,12.0,2.0,490.0,5.2,0.0,2.3000000000000003,7.1,14.5,4235.0,LAKE,0
3.0585898507860327,-3.074276062361694,0.8914842570135727,-0.1018491468071983,0.3298719883691537,-1.7121336893405974,49.0,23.0,35.8,30.0,2967.0,7.0,20.0,920.0,7.05,0.0,1.0,6.9,14.855000000000002,4667.0,LAKE,0
3.1820476825783715,-3.5646600732592675,0.5181815350324279,-0.3073221274677651,0.0549119731991569,-0.2337392227985338,49.0,25.0,35.8,30.0,1790.0,5.0,14.0,430.0,7.05,0.0,2.3000000000000003,7.1,14.855000000000002,4668.0,LAKE,0
3.3342939964097646,-3.553578458603568,-0.7664514008725155,-0.1100757354266291,-0.1152375776756525,-0.0485238822415932,26.0,28.0,28.0,28.0,1916.0,0.0,2.0,430.0,7.05,0.1,2.3000000000000003,7.0,14.855000000000002,4669.0,LAKE,0
2.7370542446252473,-3.3186714902821626,1.280650182515056,-0.6629558593841307,-0.7669437832155102,-0.4084918468356077,22.0,22.0,30.0,31.0,1756.0,9.0,2.0,500.0,7.05,0.1,2.3000000000000003,6.7,14.855000000000002,4672.0,LAKE,0
2.324859155786852,-3.035209530549802,0.1765197429387049,-0.2423226894170959,-0.7386719539430335,0.141900698349165,32.0,25.0,16.0,30.0,1280.0,5.0,16.0,430.0,7.05,0.0,2.3000000000000003,6.8,13.0,4673.0,LAKE,0
2.102647726989577,-2.179632815614032,-0.7626526678869286,0.8212312397934503,0.5766748401543765,-1.3061917602966602,22.0,28.0,22.0,29.0,1440.0,1.0,20.0,350.0,7.05,0.1,0.7,7.1,9.0,4674.0,LAKE,0
3.343394459869582,-3.432261815516636,0.2917327367149375,-0.1826510900129929,-0.2882343215245171,-0.3044232134863573,32.0,26.0,35.8,30.0,1739.0,4.0,45.0,430.0,7.05,0.1,2.3000000000000003,6.9,14.855000000000002,4676.0,LAKE,0
-1.4756975611776373,0.0331590202540561,-1.4686616133734651,1.1973284753090327,-0.0365338376643789,-0.1187188222287172,2.0,26.0,3.0,29.0,273.0,3.0,2.0,18.0,2.0,5.8,0.1,7.1,2.0,4681.0,LAKE,0
2.8556179721428343,-3.417456049397957,0.188507368848559,-0.0582279560071231,-0.0344449639513853,0.2179549743115841,212.0,26.0,30.0,30.0,1694.0,4.0,20.0,540.0,6.0,0.0,2.3000000000000003,7.2,14.855000000000002,4682.0,LAKE,0
-2.0729152909492345,-0.4067700816779985,2.7185265807639003,-1.5446017548565834,-0.2227249852556532,-1.4344930736897366,35.0,10.0,4.0,29.0,734.0,23.0,2.0,340.0,3.0,1.2,0.3,7.0,2.6,4683.0,LAKE,0
0.2238743842983065,-1.7241896286288323,-0.6771179032855744,-0.4288314919827158,-1.906993519264808,0.9545043248611342,40.0,23.0,4.8,28.0,799.0,5.0,2.0,720.0,1.6,2.0,2.23,6.6,9.4,4684.0,LAKE,0
1.2143341538232202,-2.55150666509114,-1.3453060358820892,-1.119374025979366,-1.0286055369274685,1.017400047952031,6.0,23.0,12.0,25.0,2586.0,2.0,2.0,540.0,3.0,5.4,2.3000000000000003,6.7,14.855000000000002,4685.0,LAKE,0
0.9893859941099936,-2.2972551451173633,-1.3013340094357135,-1.162784390830309,-1.1881573879345522,1.1367507800540524,7.0,23.0,13.0,25.0,1447.0,2.0,2.0,1400.0,2.6,4.1,2.3000000000000003,6.8,14.48,4686.0,LAKE,0
1.4532093077132722,-1.807736990611707,-1.4186844124141558,-1.1260359968090774,-1.3779053888705275,1.2057318809559616,60.0,24.0,22.0,25.0,1184.0,1.0,2.0,12000.0,2.0,4.7,2.3000000000000003,6.7,14.855000000000002,4687.0,LAKE,0
-0.2464677912571906,-1.6154180946310548,-2.158975473820956,-0.981161997308548,-0.7391816300793834,1.92434137217325,2.0,24.0,2.7,24.0,641.0,0.0,2.0,1500.0,2.0,6.2,2.3000000000000003,7.1,10.3,4688.0,LAKE,0
1.8838910058430645,-2.950583289257595,-0.2089120837238363,-0.4112734872114502,-0.6552971591948206,0.758818997791542,17.0,25.0,14.0,29.0,980.0,4.0,3.0,330.0,6.0,1.2,2.3000000000000003,7.0,14.855000000000002,4690.0,LAKE,0
2.481896849176888,-3.329507522841791,-0.7140332192665925,-0.2419539906080833,0.1151371778129016,0.7075479138601466,32.0,27.0,14.0,28.0,1252.0,1.0,28.0,430.0,7.05,0.1,2.3000000000000003,7.3,14.855000000000002,4691.0,LAKE,0
2.2366020350958093,-3.097146526682164,-0.8394120238614464,-0.2903303959213441,-0.2692921939531473,0.7988639932521441,20.0,27.0,12.0,28.0,1027.0,1.0,18.0,350.0,7.05,1.2,2.3000000000000003,7.1,14.855000000000002,4692.0,LAKE,0
1.8202625166600024,-2.545887415368556,-0.7367191988889343,-0.0254368997522689,0.2928928557326387,-0.255835193418173,28.0,26.0,18.0,28.0,1152.0,2.0,11.0,350.0,7.05,0.1,2.3000000000000003,7.1,3.8,4693.0,LAKE,0
3.3584883802330836,-3.449330109535217,0.0086108892857632,-0.3418681110541666,-0.2728814164554297,-0.3474767060570669,26.0,26.0,35.8,29.0,1709.0,3.0,8.0,1200.0,7.05,0.1,2.3000000000000003,6.9,14.855000000000002,4694.0,LAKE,0
3.404827817528833,-3.504256664484904,-0.1656508475611655,-0.1651282497204557,0.0636209010279464,-0.1508704428775727,39.0,27.0,35.8,29.0,1633.0,2.0,17.0,1600.0,7.05,0.0,2.3000000000000003,7.1,14.855000000000002,4695.0,LAKE,0
3.3936535971676456,-3.661734818535117,0.0421158293322341,-0.2798765510864736,0.1444408464664069,-0.2870243955931189,70.0,26.0,35.8,29.0,2053.0,3.0,2.0,540.0,7.05,0.0,2.3000000000000003,7.1,14.855000000000002,4696.0,LAKE,0
2.5910862013396394,-3.780615757996816,0.0199783147910786,-0.1973769828195763,1.4701841222888556,0.7450072195365985,2.0,26.0,28.0,29.0,1300.0,3.0,2.0,21.0,7.05,0.0,2.3000000000000003,8.0,14.855000000000002,4697.0,LAKE,0
3.3517828325698664,-3.596727548279495,0.0280188800016866,0.0287237291684585,0.0112067179930857,-0.1639437362672849,32.0,27.0,35.8,30.0,2216.0,3.0,2.0,350.0,7.05,1.2,2.3000000000000003,7.0,14.855000000000002,4698.0,LAKE,0
0.1534745878807386,-1.297850330990008,-1.909237327499637,0.2029579019934857,-1.2216671145792144,0.7871755872163961,2.0,27.0,3.0,27.0,380.0,0.0,2.0,1500.0,3.0,2.8,2.2,6.7,2.8,4699.0,LAKE,0
3.144596173473779,-3.355112108860806,-0.0331384451060774,-0.0125862300286287,-0.6174052376557074,-0.0989989066427493,34.0,27.0,28.0,30.0,1570.0,3.0,17.0,430.0,7.05,0.0,2.3000000000000003,6.8,14.855000000000002,4701.0,LAKE,0
3.4075570992996354,-3.4811441369586604,1.1781277648748472,0.6169978985680107,-0.5810971709600714,-0.2306377525072519,240.0,27.0,35.8,34.0,1989.0,7.0,26.0,1140.0,7.05,0.1,2.3000000000000003,6.8,14.855000000000002,4702.0,LAKE,0
3.366870956956685,-3.658314598201871,0.3156759639243179,-0.119083507893496,0.1292091882814617,-0.2407946310340656,33.0,26.0,35.8,30.0,2113.0,4.0,18.0,430.0,7.05,0.1,2.3000000000000003,7.1,14.855000000000002,4705.0,LAKE,0
3.4686971864157266,-3.678732208723388,-0.1722449612361796,-0.1186442059938833,0.145056063700747,-0.2409794567915306,28.0,27.0,35.8,29.0,2047.0,2.0,2.0,350.0,7.05,0.1,2.3000000000000003,7.1,14.855000000000002,4677.0,LAKE,0
3.3263647365999054,-3.5578871304450264,-0.1653955596502589,-0.1501074348998597,0.2377097491957367,-0.0721418352919106,28.0,27.0,35.8,29.0,1604.0,2.0,22.0,540.0,7.05,0.1,2.3000000000000003,7.2,14.855000000000002,4678.0,LAKE,0
1.5381261918765423,-2.3240424655258116,3.395161276389599,1.4188896636594286,0.8055226075371043,-1.7070435953575662,58.0,22.0,35.8,38.5,2152.0,18.0,22.0,430.0,7.05,0.0,0.98,7.2,4.6,4679.0,LAKE,0
-1.4990855916350865,-0.1033285660640679,-1.128164000141627,1.3715533177742116,0.4330641567536202,0.1579649960504126,2.0,26.0,3.0,30.0,318.0,4.0,2.0,1500.0,2.0,5.6,0.1,7.4,2.5,4680.0,LAKE,0
2.7302220112460502,-2.944947666845997,-0.9865364729422808,-0.4521086852619752,0.7442511344084147,-0.741028913254375,14.0,26.0,35.8,26.0,1507.0,0.0,14.0,350.0,7.05,0.1,2.3000000000000003,7.2,6.0,2344.0,POND,0
3.705810717866271,-3.808567010062763,0.0315089811888109,-0.11570625165688,0.3329240506468884,-0.6803272725264173,160.0,26.0,35.8,29.0,3294.5,3.0,22.0,540.0,7.05,0.0,2.3000000000000003,7.0,13.0,2345.0,POND,0
-1.4455864736345834,-0.2018547421982949,-1.1147519142525577,1.4270153147331874,0.4846630435240357,0.0050573423534369,2.0,26.0,3.0,30.0,548.0,4.0,2.0,50.0,2.0,5.4,0.0,7.4,2.8,2346.0,POND,0
3.573659083498015,-3.684603706262336,0.2157060645673973,-1.5243367599134523,-0.5179292431937617,-1.2528305720316588,10.0,21.0,35.8,26.0,3294.5,5.0,2.0,350.0,7.05,0.0,2.3000000000000003,6.5,14.855000000000002,2347.0,POND,0
2.2136283682552773,-2.1565408019728207,-0.0848184746254362,-0.0963744416984489,-2.134512975282854,-1.0852961423335563,32.0,25.0,18.0,30.0,1260.0,5.0,14.0,440.0,7.05,0.1,2.3000000000000003,5.800000000000001,5.6,2357.0,POND,0
1.9479788505202795,-2.19409346855593,0.1809923633943174,0.3027423255206423,0.9289516992009867,-1.1043633988513946,86.0,25.0,35.8,30.0,1672.0,5.0,14.0,540.0,7.05,4.4,0.4,7.2,14.855000000000002,2359.0,POND,0
1.77072158086767,-2.3003056417948815,0.0982602700013898,0.4706239176712533,0.8246396164157027,-1.1502154621582743,58.0,25.0,24.0,30.0,1690.0,5.0,20.0,560.0,7.05,0.0,1.4,7.2,4.0,3075.0,POND,0
3.3093454450760382,-3.526642788725364,0.3012633925994852,-0.1620903946128789,-0.125716377593778,-0.2635944007601767,32.0,26.0,35.8,30.0,1763.0,4.0,19.0,450.0,7.05,0.0,2.3000000000000003,7.0,14.855000000000002,3076.0,POND,0
1.6462100994519175,-2.6958106472368524,0.6284568881945561,-0.6328715096031096,0.1815349122633467,0.1783164944185679,217.0,22.0,26.0,30.0,1812.0,8.0,16.0,540.0,7.05,4.4,2.3000000000000003,7.0,10.0,3077.0,POND,0
2.0220568484757377,-2.132330264838558,-0.0308222944179259,0.74624892835424,-0.3024679001695062,-1.2929948760690082,40.0,26.0,35.8,30.0,1682.0,4.0,2.0,430.0,3.0,0.0,0.4,7.0,14.855000000000002,3078.0,POND,0
-0.8464218097127858,-0.5653593596071675,-1.197257902773706,1.4818458742815963,0.6802630897221555,-0.0493994201583685,2.0,27.0,4.0,30.0,944.0,3.0,2.0,1500.0,3.0,4.5,0.42,7.4,1.0,4665.0,POND,0
2.156525032784194,-3.158946041658441,0.403087435950743,-0.791262259801913,-0.285054538507643,0.3695052092894421,33.0,23.0,18.0,29.0,986.0,6.0,20.0,350.0,7.05,0.1,2.3000000000000003,7.1,14.855000000000002,4675.0,POND,0
-1.681790493095899,-0.1587903454996586,1.2823440861913582,2.7047643315832883,-0.0255019993002835,0.0087658827096188,2.0,26.0,3.0,38.5,393.0,13.0,2.0,26.0,3.0,5.2,0.1,7.2,0.8,1447.0,TANK,0
0.3943026258954925,-2.0629539900612497,-0.5540859508215161,-2.306657622746406,-2.07900017545008,0.7122942433649245,8.0,17.0,5.0,24.0,2129.0,7.0,2.0,140.0,2.8,5.4,2.3000000000000003,6.2,14.855000000000002,1464.0,TANK,0
1.2469497589590783,-3.030587497421821,1.324337322459766,-0.9595726010472364,-1.1918429920384277,0.4259603386112394,2.0,18.0,16.0,30.0,3294.5,12.0,2.0,50.0,2.0,1.3,2.3000000000000003,6.8,14.855000000000002,1780.0,TANK,0
1.4026734753404333,-2.6590268182572343,-0.631361315564319,-1.290281476339229,-1.3469899020976897,0.5282012351515063,6.0,21.0,14.0,26.0,3294.5,5.0,2.0,210.0,3.4,5.5,2.3000000000000003,6.4,14.855000000000002,1783.0,TANK,0
3.5108582562232167,-3.859789158205353,0.951608408973067,-0.5231309297354607,0.0298298409378264,-0.7206235887796293,130.0,23.0,35.8,30.0,3294.5,7.0,14.0,560.0,7.05,0.0,2.3000000000000003,6.9,14.855000000000002,2343.0,TANK,0
0.9233449615889926,-2.5398256586748773,-1.5924162383131302,-1.6362829159278385,-1.0412537563342827,1.0950643621333749,2.0,21.0,3.0,23.0,3170.0,2.0,2.0,1500.0,2.4,5.1,2.3000000000000003,6.7,14.855000000000002,2348.0,TANK,0
3.2989722481386488,-3.587637018825479,0.580175726021481,0.0677962605353106,0.1233144653339024,-0.2547829611562108,94.0,26.0,35.8,31.0,2097.0,5.0,20.0,860.0,7.05,0.0,2.3000000000000003,7.1,14.0,2358.0,TANK,0
-1.1364694061830736,-0.423578935526389,1.1508722170738428,2.7611055821368,-0.3790677975114203,-0.091109658402788,2.0,27.0,6.0,38.5,741.0,12.0,2.0,43.0,3.0,4.6,0.4,7.0,0.83,3084.0,TANK,0
-0.6379029392166183,-0.9749236319702164,0.4367855696254311,-0.5674395475736546,-1.4903393121455442,-0.3353996795862132,2.0,18.0,3.0,29.0,2129.0,11.0,2.0,50.0,2.0,6.0,0.26,6.4,14.855000000000002,3086.0,TANK,0
0.6542661786722717,-2.07886521024342,0.1743052100890746,-0.0157526092612742,0.2945102251377111,0.1182312305850675,23.0,23.0,12.0,30.0,1122.0,7.0,11.0,350.0,6.0,2.0,2.0,7.2,3.9,4222.0,TANK,0
0.9792812997154554,-1.7696633600044265,0.0390064338936756,0.3901054458603899,0.2497877713390847,-0.9294316181171342,33.0,24.0,18.0,30.0,1348.0,6.0,11.0,430.0,6.0,1.4,1.2,7.0,4.2,4223.0,TANK,0
-1.022902536002857,-0.8131596318800666,-0.0500069674255057,0.5319167114475912,0.0307461299246782,-0.0100264859738392,2.0,22.0,3.0,30.0,950.0,8.0,2.0,18.0,2.1,4.0,0.11,7.3,9.21,4225.0,TANK,0
3.517389253550483,-3.59861127065594,-0.6473630398512792,-0.1203678500133806,0.3188931588034839,-0.0617320667530593,80.0,28.0,34.0,28.0,1858.0,0.0,46.0,390.0,7.05,0.0,2.3000000000000003,7.2,14.855000000000002,4228.0,TANK,0
-0.0873748027560193,-1.7854760213383598,-0.9597385880547964,-1.1868007052327878,-1.420034987994914,1.5062154365470668,2.0,21.0,3.0,26.0,1498.0,5.0,2.0,1500.0,2.0,6.0,2.3000000000000003,6.7,12.0,4230.0,TANK,0
0.7354365457778722,-2.614536425642315,-0.5099801317083336,-0.9626702231838216,-1.2338745850386257,1.2128017937811797,2.0,21.0,4.2,27.0,3294.5,6.0,2.0,32.0,2.0,5.1,2.3000000000000003,6.7,14.855000000000002,4231.0,TANK,0
-0.3426077219540108,-1.8466403642892488,0.60315895257744,-1.0399572518507307,-1.9593811929825016,1.685903954119247,8.0,19.0,5.2,30.0,1037.0,11.0,2.0,40.0,2.0,6.1,2.3000000000000003,6.6,14.855000000000002,4232.0,TANK,0
2.399539191686038,-3.1703096281879355,0.0432041341694248,-1.3330900334968263,-0.6159403781683173,-0.2322650001751614,4.0,21.0,26.0,27.0,3294.5,6.0,2.0,70.0,6.3,4.5,2.3000000000000003,6.5,14.855000000000002,4233.0,TANK,0
2.952240260405744,-3.521193821853867,1.1488821945553962,-0.7820157317795087,0.103015472687525,-0.3551720238504403,72.0,22.0,35.8,30.0,1940.0,8.0,34.0,540.0,7.05,0.0,2.3000000000000003,7.1,14.855000000000002,4237.0,TANK,0
0.8920325355584565,-2.575846794856402,-0.4767230867558581,-0.6662287347745967,-0.7292099404028469,1.3892751155865126,18.0,23.0,12.0,28.0,1992.0,5.0,2.0,230.0,3.2,5.1,2.3000000000000003,7.0,14.855000000000002,4238.0,TANK,0
0.4520863363856778,-2.411460414259607,-1.485976295757717,-1.3776192579363291,-0.4554987660564817,1.6849599410174094,4.0,22.0,8.0,24.0,1804.0,2.0,2.0,70.0,2.2,5.5,2.3000000000000003,7.2,14.855000000000002,4239.0,TANK,0
1.3765355174151783,-2.7404170555972276,-1.0731232263851418,-0.8813130641312634,-1.1740166551837117,0.8672665789592019,2.0,23.0,10.0,26.0,3294.5,3.0,2.0,40.0,2.8,4.9,2.3000000000000003,6.6,14.855000000000002,4241.0,TANK,0
0.1446727426834352,-1.8812826378475296,-1.043544442663718,-1.0026502206615298,-0.8044276498631774,1.2327598410981826,2.0,22.0,4.0,26.0,1233.0,4.0,2.0,1500.0,3.4,4.9,2.3000000000000003,6.9,9.43,4242.0,TANK,0
2.879374067829554,-3.181147424531334,-0.8402502424731964,-1.32445303393916,-0.5314851981092374,-0.4352001021647178,6.0,23.0,35.8,25.0,3294.5,2.0,2.0,210.0,5.6,4.6,2.3000000000000003,6.5,14.855000000000002,4243.0,TANK,0
1.940613254245416,-2.7203831884390866,-1.192056849885223,-1.4296167574992658,-0.8933820788912022,0.1899052046213774,2.0,22.0,35.8,24.0,3200.0,2.0,2.0,26.0,2.0,5.8,2.3000000000000003,6.6,14.855000000000002,4244.0,TANK,0
1.1853544876418205,-3.0210969507256946,-1.2607878590672612,-0.9925570471044564,0.145564526200679,1.359079049624592,2.0,23.0,8.0,25.0,3150.0,2.0,2.0,40.0,3.4,4.9,2.3000000000000003,7.3,14.855000000000002,4245.0,TANK,0
2.126047339239158,-2.143751853893345,0.4517425454648989,0.6022144213953482,-0.4116855033832246,-1.6519378142310015,60.0,25.0,26.0,31.0,1739.0,6.0,11.0,540.0,6.0,0.1,0.37,6.7,14.0,4247.0,TANK,0
1.5868781804793235,-1.9793683189443656,-0.227063435195718,0.6671719974932968,-0.7822209326617214,-0.8659105863938388,32.0,26.0,18.0,30.0,1406.0,4.0,10.0,350.0,4.0,0.1,0.5,6.8,14.855000000000002,4248.0,TANK,0
1.7440567301163672,-2.441605591920463,-0.2448003878614644,0.2920058900526691,0.8433755390654822,-0.0810756245076799,350.0,26.0,28.0,30.0,1893.0,4.0,20.0,540.0,7.05,4.4,2.0,7.2,6.0,4249.0,TANK,0
1.3375150612239446,-2.4136410661579495,-1.2510636886516997,-1.2434919037195284,-2.0601421545218317,0.5297002807833474,2.0,22.0,12.0,25.0,3294.5,3.0,2.0,40.0,2.2,5.6,2.3000000000000003,6.1,14.855000000000002,4302.0,TANK,0
2.812487998009621,-3.1127760260781727,-0.143312795348428,-0.3381480022133171,-0.5362864623809305,0.0240904018156385,49.0,26.0,35.8,29.0,1114.0,3.0,3.0,540.0,6.0,1.2,2.3000000000000003,6.9,14.855000000000002,4689.0,TANK,0
2.856763025939113,-3.3260482477750433,-0.0679684917846373,0.1414151926949338,0.0412708228818952,-0.0650733909978996,26.0,27.0,28.0,30.0,1603.0,3.0,2.0,350.0,7.05,0.0,2.3000000000000003,7.1,12.0,4700.0,TANK,0
2.514780309566563,-3.634733465938901,2.4314741128425057,0.0801401947378704,0.0277346565631749,0.0871785742325118,63.0,22.0,28.0,35.0,2206.0,13.0,17.0,430.0,7.05,0.0,2.3000000000000003,7.2,14.855000000000002,4703.0,TANK,0
3.322915348458549,-3.5716471607344378,0.0845827877624243,0.0201480230626087,0.0318623495391219,-0.0996292006665755,58.0,27.0,34.0,30.0,1782.0,3.0,20.0,430.0,7.05,0.0,2.3000000000000003,7.1,14.855000000000002,4704.0,TANK,0
-2.162354557527192,0.7221660556546127,-0.8835430152735925,0.2842188950638524,-0.8623459651480235,-0.3179137710651287,150.0,21.0,2.7,28.0,194.0,7.0,94.0,220.0,0.4,6.2,0.19,6.7,0.32,1727.0,LAKE,0
-2.0430273830626895,0.7190489377492462,-1.0618118727092842,-0.0451587280469863,-1.0394171389818938,-0.5491898688600683,130.0,20.5,2.9,27.0,194.0,6.5,70.0,240.0,1.2,6.7,0.22,6.5,0.39,1728.0,LAKE,0
-1.974253720516031,0.4847399111198345,-0.7038093337394251,0.0773598097363564,-0.9125358136123068,-0.218923973678955,120.0,20.5,2.66,28.0,248.0,7.5,84.0,220.0,0.8,6.3,0.2,6.7,3.03,3391.0,LAKE,0
-2.0828413975156437,0.4985929758631072,-0.961655054092806,0.2715294888502948,-0.7572113497117996,-0.0419148979748382,130.0,21.5,2.68,28.0,165.0,6.5,63.0,240.0,0.6,6.6,0.29,6.8,1.81,4192.0,LAKE,0
-2.067607910847941,0.359301578032392,-1.0347524430793578,0.3495680631398709,-0.4317729755847216,0.177440729860094,130.0,22.0,2.8,28.0,177.0,6.0,58.0,220.0,0.6,6.7,0.31,7.0,2.37,4193.0,LAKE,0
-1.8473168588624873,0.3715626289720609,-0.922674058806537,0.0288821243394385,-0.8985247860990077,-0.2139384460451747,130.0,21.0,2.94,27.5,167.0,6.5,58.0,220.0,1.1,6.1,0.32,6.7,2.72,3392.0,POND,0
-2.046013642172032,0.3749156275491371,-0.9242382888605192,0.2685697261039685,-0.5730840296423596,-0.0258738912958059,120.0,21.5,2.9,28.0,179.0,6.5,43.0,220.0,0.8,6.5,0.25,6.9,2.4,3393.0,POND,0
-1.7143441675413147,0.3953159611726553,-1.0190963884902904,0.0916314271377907,-0.9161863102830072,-0.4168656987571608,150.0,21.5,2.86,27.5,182.0,6.0,49.0,240.0,1.8,6.3,0.24,6.6,2.46,3394.0,POND,0
-2.0195555190687413,0.4942748696265125,-0.8416401661348876,0.1571298097848869,-0.9390875920704992,-0.1365067841649196,120.0,21.0,2.54,28.0,183.0,7.0,70.0,220.0,0.7,6.4,0.3,6.7,2.2,3395.0,POND,0
-1.931030996682469,0.5161821715450604,-1.0933122289929649,0.147773393494389,-1.0586442420260336,-0.2792678594317936,120.0,21.5,2.94,27.5,157.0,6.0,46.0,220.0,0.9,6.6,0.22,6.6,2.5,3396.0,POND,0
-2.0321964069640046,0.4183875135669238,-1.0360944835789605,0.4028877747447706,-0.5863353037946546,-0.08075314894925,150.0,22.0,2.5,28.0,177.0,6.0,47.0,240.0,0.6,6.0,0.27,6.9,1.3,4194.0,POND,0
-2.2338273370780932,0.5076399152035951,-1.0093491044098992,0.1902793585746277,-0.5285072593888207,-0.1456413149004427,130.0,21.0,2.6,27.5,166.0,6.5,33.0,220.0,0.58,6.5,0.2,6.9,1.13,4195.0,POND,0
-2.0912272237706295,0.4673596531667519,-1.040880238002743,0.3822310596988622,-0.3683624788562042,0.1156593608449675,150.0,22.0,3.2,28.0,169.0,6.0,84.0,240.0,0.6,6.7,0.29,7.0,1.51,4196.0,POND,0
-2.2065173650252445,0.4189030240112241,-1.125981579399627,0.0761444221358287,-0.3415504639884316,-0.0028689460070236,130.0,21.0,2.5,27.0,178.0,6.0,34.0,220.0,0.7,6.8,0.21,7.0,2.03,4197.0,POND,0
-2.197708839785814,0.4262701394459474,-1.1210855989212023,0.0968613878439718,-0.3609917868783046,-0.0310725591385187,130.0,21.0,2.08,27.0,168.0,6.0,43.0,220.0,0.6,6.3,0.28,7.0,1.15,4221.0,POND,0
-0.9751826867626324,3.5113273304562034,3.1041966228040456,-0.8957474711350525,1.8357403289658,0.9380082894814094,10678.0,12.0,5.2,33.0,478.0,21.0,766.0,29000.0,4.2,8.8,0.0,7.5,0.0,1364.0,LAKE,-1
-0.660249283120816,1.633101290075195,0.6734553551597144,0.2030908155273274,2.519469576968662,0.6643554039446211,5600.0,20.0,5.0,30.0,521.0,10.0,766.0,8100.0,4.0,5.8,0.0,8.0,0.96,2499.0,LAKE,0
1.8812907917173216,1.003885147985717,4.736779940268719,-0.2678014339500739,2.159877657479346,-2.1502184887267575,2400.0,12.6,35.8,36.0,2320.0,23.0,766.0,31301.25,7.05,0.0,0.0,7.3,0.0,2500.0,POND,0
1.4822434566832692,1.549391431691915,4.199249276507603,1.085422535582523,0.8877900837365258,-1.412144818148494,3200.0,17.0,35.8,38.3,2460.0,21.299999999999997,766.0,31301.25,2.0,0.0,0.0,7.1,0.0,2501.0,POND,0
-3.134620242583641,0.6274468506675747,-0.4550578141631604,-2.853943326805525,0.9382810464784804,-0.8894018049127993,356.0,10.0,2.0,19.0,460.0,13.0,45.0,1500.0,1.2,6.0,0.0,7.4,0.0,1362.0,LAKE,0
-3.132199209001205,0.7171062520219622,-0.454510038498299,-2.6844398848674733,0.689429526164878,-0.8685780327649116,356.0,10.0,1.8,20.0,240.0,12.0,45.0,1500.0,1.2,6.0,0.0,7.3,0.0,3437.0,LAKE,0
-1.55103875674947,1.952918369266888,1.4545573704271504,0.3892711170223655,0.017749883530893,0.4991172371465021,7000.0,18.0,5.0,33.0,455.0,15.0,200.0,17000.0,1.0,7.0,0.02,7.1,1.85,1765.0,LAKE,0
0.977792234372297,2.5748278386836714,2.517002702582137,0.694198339706506,2.1037415037641005,0.765285930284427,10678.0,20.0,14.45,35.0,812.0,15.0,766.0,31301.25,4.01,3.6,0.16,7.8,1.33,2503.0,LAKE,0
2.236469926278041,2.457610964126372,2.8515642501253624,0.549601164193769,1.2693291927138477,-0.6257584124875858,10678.0,20.0,35.8,35.0,860.0,15.0,766.0,31301.25,4.2,1.6,0.19,7.2,1.08,2504.0,LAKE,0
1.1243375360256282,2.5154518427637105,2.5901160175053644,0.800117322639421,1.749652685849767,0.6260421429519261,10678.0,20.0,18.6,35.0,830.0,15.0,766.0,31301.25,2.2,1.5,0.21,7.8,1.31,2505.0,LAKE,0
-0.8344521866448982,3.2277233148448663,0.7814203754828135,-0.2905986201895598,-0.1291026847999654,0.6788949653346962,5000.0,18.0,2.8,30.0,78.0,12.0,766.0,28000.0,1.2,6.8,0.06,6.8,1.2,2519.0,LAKE,-1
0.8815937452789869,3.1371983855435395,2.2292286812417936,-2.9050520198922936,-0.430480289036126,-1.5311121943689208,9400.0,10.0,31.0,24.0,168.0,19.0,766.0,28000.0,1.8,1.3,0.13,6.4,2.71,2520.0,LAKE,0
-2.981769094109405,1.194521479827399,0.0493295464510203,-2.602607795693047,-1.6506843173960406,-1.4090806243276486,230.0,10.0,1.8,22.0,97.0,15.0,70.0,500.0,0.8,6.5,0.11,6.1,0.83,2521.0,LAKE,0
-3.1906757703158437,0.8551652249657399,-0.6083819962471497,-3.098340257948919,0.0318862937463761,-0.8482360885133874,170.0,10.0,2.0,18.5,44.0,13.0,70.0,500.0,0.8,6.8,0.0,7.0,2.25,2522.0,LAKE,0
-2.1519133273209388,1.224764733128616,1.1645179753357076,0.6913378352096831,0.624000025165746,0.5008110169893263,2100.0,19.0,3.85,33.0,277.0,14.0,400.0,3900.0,1.4,7.1,0.07,7.4,0.79,2539.0,LAKE,0
-0.3434321082481246,3.2404171094920704,1.9923316660953203,0.7827986463380477,1.590268128608016,1.5413931685111733,10678.0,20.0,5.5,35.0,617.0,15.0,766.0,28000.0,2.65,8.0,0.09,7.6,0.83,2544.0,LAKE,0
-2.1670724566298087,0.8564471557129333,0.0192978896471867,0.3869952600767944,0.0314342862085757,0.0153177322090524,500.0,20.0,2.6,30.0,118.0,10.0,210.0,2800.0,1.5,6.8,0.01,7.1,1.43,4720.0,LAKE,0
-3.0536304129991736,1.1257520750974086,-1.217886632670781,-3.0082822446735427,-0.6013301943575127,-1.1324275113340287,170.0,10.0,2.1,18.5,38.0,9.0,70.0,500.0,0.6,7.1,0.0,6.6,1.01,4725.0,LAKE,0
-2.8902921011775637,0.8948324717319601,-1.1079692742084413,-3.0026749829391792,-0.1768865861310241,-1.1923613205318375,110.0,10.0,2.2,18.5,55.0,9.0,70.0,260.0,1.2,6.2,0.01,6.8,0.84,4729.0,LAKE,0
